t		p
4.16337E+3	1.53000E-4
4.16362E+3	1.53000E-4
4.16387E+3	1.53000E-4
4.16412E+3	1.53000E-4
4.16437E+3	1.53000E-4
4.16462E+3	1.53000E-4
4.16487E+3	1.53000E-4
4.16512E+3	1.53000E-4
4.16537E+3	1.53000E-4
4.16562E+3	1.53000E-4
4.16587E+3	1.53000E-4
4.16612E+3	1.53000E-4
4.16637E+3	1.53000E-4
4.16662E+3	1.53000E-4
4.16687E+3	1.53000E-4
4.16712E+3	1.53000E-4
4.16737E+3	1.53000E-4
4.16761E+3	1.53000E-4
4.16786E+3	1.54000E-4
4.16811E+3	1.54000E-4
4.16836E+3	1.54000E-4
4.16861E+3	1.54000E-4
4.16886E+3	1.54000E-4
4.16911E+3	1.54000E-4
4.16936E+3	1.54000E-4
4.16961E+3	1.54000E-4
4.16986E+3	1.54000E-4
4.17011E+3	1.54000E-4
4.17036E+3	1.54000E-4
4.17061E+3	1.54000E-4
4.17086E+3	1.54000E-4
4.17111E+3	1.54000E-4
4.17136E+3	1.54000E-4
4.17161E+3	1.54000E-4
4.17186E+3	1.54000E-4
4.17211E+3	1.54000E-4
4.17236E+3	1.54000E-4
4.17261E+3	1.54000E-4
4.17286E+3	1.54000E-4
4.17311E+3	1.54000E-4
4.17336E+3	1.54000E-4
4.17361E+3	1.54000E-4
4.17386E+3	1.54000E-4
4.17411E+3	1.54000E-4
4.17436E+3	1.55000E-4
4.17461E+3	1.55000E-4
4.17486E+3	1.56000E-4
4.17511E+3	1.56000E-4
4.17536E+3	1.56000E-4
4.17561E+3	1.56000E-4
4.17586E+3	1.56000E-4
4.17611E+3	1.56000E-4
4.17636E+3	1.56000E-4
4.17661E+3	1.56000E-4
4.17686E+3	1.56000E-4
4.17711E+3	1.56000E-4
4.17736E+3	1.56000E-4
4.17761E+3	1.56000E-4
4.17786E+3	1.56000E-4
4.17811E+3	1.56000E-4
4.17836E+3	1.56000E-4
4.17862E+3	1.56000E-4
4.17887E+3	1.56000E-4
4.17912E+3	1.56000E-4
4.17937E+3	1.56000E-4
4.17962E+3	1.56000E-4
4.17987E+3	1.56000E-4
4.18012E+3	1.56000E-4
4.18037E+3	1.56000E-4
4.18062E+3	1.56000E-4
4.18087E+3	1.56000E-4
4.18112E+3	1.56000E-4
4.18137E+3	1.57000E-4
4.18162E+3	1.57000E-4
4.18187E+3	1.57000E-4
4.18212E+3	1.57000E-4
4.18237E+3	1.57000E-4
4.18262E+3	1.57000E-4
4.18287E+3	1.57000E-4
4.18312E+3	1.57000E-4
4.18337E+3	1.57000E-4
4.18362E+3	1.57000E-4
4.18387E+3	1.57000E-4
4.18412E+3	1.57000E-4
4.18437E+3	1.57000E-4
4.18462E+3	1.57000E-4
4.18487E+3	1.57000E-4
4.18511E+3	1.57000E-4
4.18536E+3	1.57000E-4
4.18561E+3	1.57000E-4
4.18586E+3	1.57000E-4
4.18611E+3	1.57000E-4
4.18636E+3	1.57000E-4
4.18661E+3	1.57000E-4
4.18686E+3	1.57000E-4
4.18711E+3	1.57000E-4
4.18736E+3	1.58000E-4
4.18761E+3	1.58000E-4
4.18786E+3	1.58000E-4
4.18811E+3	1.58000E-4
4.18836E+3	1.58000E-4
4.18861E+3	1.58000E-4
4.18886E+3	1.58000E-4
4.18911E+3	1.58000E-4
4.18936E+3	1.58000E-4
4.18961E+3	1.58000E-4
4.18986E+3	1.58000E-4
4.19011E+3	1.58000E-4
4.19036E+3	1.58000E-4
4.19061E+3	1.58000E-4
4.19086E+3	1.58000E-4
4.19111E+3	1.58000E-4
4.19136E+3	1.58000E-4
4.19161E+3	1.58000E-4
4.19186E+3	1.58000E-4
4.19211E+3	1.58000E-4
4.19236E+3	1.58000E-4
4.19261E+3	1.59000E-4
4.19286E+3	1.59000E-4
4.19311E+3	1.60000E-4
4.19336E+3	1.60000E-4
4.19361E+3	1.60000E-4
4.19386E+3	1.60000E-4
4.19411E+3	1.60000E-4
4.19436E+3	1.60000E-4
4.19461E+3	1.60000E-4
4.19486E+3	1.60000E-4
4.19511E+3	1.60000E-4
4.19536E+3	1.60000E-4
4.19561E+3	1.60000E-4
4.19586E+3	1.60000E-4
4.19612E+3	1.60000E-4
4.19637E+3	1.60000E-4
4.19662E+3	1.60000E-4
4.19687E+3	1.60000E-4
4.19712E+3	1.60000E-4
4.19737E+3	1.60000E-4
4.19762E+3	1.60000E-4
4.19787E+3	1.60000E-4
4.19812E+3	1.60000E-4
4.19837E+3	1.61000E-4
4.19862E+3	1.61000E-4
4.19887E+3	1.61000E-4
4.19912E+3	1.61000E-4
4.19937E+3	1.61000E-4
4.19962E+3	1.61000E-4
4.19987E+3	1.61000E-4
4.20012E+3	1.61000E-4
4.20037E+3	1.61000E-4
4.20062E+3	1.61000E-4
4.20087E+3	1.61000E-4
4.20112E+3	1.61000E-4
4.20137E+3	1.61000E-4
4.20162E+3	1.61000E-4
4.20187E+3	1.61000E-4
4.20212E+3	1.61000E-4
4.20237E+3	1.61000E-4
4.20261E+3	1.61000E-4
4.20286E+3	1.61000E-4
4.20311E+3	1.61000E-4
4.20336E+3	1.62000E-4
4.20361E+3	1.62000E-4
4.20386E+3	1.63000E-4
4.20411E+3	1.63000E-4
4.20436E+3	1.63000E-4
4.20461E+3	1.63000E-4
4.20486E+3	1.63000E-4
4.20511E+3	1.63000E-4
4.20536E+3	1.63000E-4
4.20561E+3	1.63000E-4
4.20586E+3	1.63000E-4
4.20611E+3	1.63000E-4
4.20636E+3	1.63000E-4
4.20661E+3	1.63000E-4
4.20686E+3	1.63000E-4
4.20711E+3	1.63000E-4
4.20736E+3	1.63000E-4
4.20761E+3	1.63000E-4
4.20786E+3	1.63000E-4
4.20811E+3	1.63000E-4
4.20836E+3	1.64000E-4
4.20861E+3	1.64000E-4
4.20886E+3	1.64000E-4
4.20911E+3	1.64000E-4
4.20936E+3	1.64000E-4
4.20961E+3	1.64000E-4
4.20986E+3	1.64000E-4
4.21011E+3	1.64000E-4
4.21036E+3	1.64000E-4
4.21061E+3	1.64000E-4
4.21086E+3	1.64000E-4
4.21111E+3	1.64000E-4
4.21136E+3	1.64000E-4
4.21161E+3	1.64000E-4
4.21186E+3	1.64000E-4
4.21211E+3	1.65000E-4
4.21236E+3	1.65000E-4
4.21261E+3	1.65000E-4
4.21286E+3	1.65000E-4
4.21311E+3	1.66000E-4
4.21336E+3	1.66000E-4
4.21362E+3	1.66000E-4
4.21387E+3	1.66000E-4
4.21412E+3	1.66000E-4
4.21437E+3	1.66000E-4
4.21462E+3	1.66000E-4
4.21487E+3	1.66000E-4
4.21512E+3	1.66000E-4
4.21537E+3	1.66000E-4
4.21562E+3	1.66000E-4
4.21587E+3	1.66000E-4
4.21612E+3	1.66000E-4
4.21637E+3	1.66000E-4
4.21662E+3	1.66000E-4
4.21687E+3	1.66000E-4
4.21712E+3	1.66000E-4
4.21737E+3	1.67000E-4
4.21762E+3	1.67000E-4
4.21787E+3	1.67000E-4
4.21812E+3	1.67000E-4
4.21837E+3	1.67000E-4
4.21862E+3	1.67000E-4
4.21887E+3	1.67000E-4
4.21912E+3	1.67000E-4
4.21937E+3	1.67000E-4
4.21962E+3	1.67000E-4
4.21987E+3	1.67000E-4
4.22011E+3	1.67000E-4
4.22036E+3	1.67000E-4
4.22061E+3	1.67000E-4
4.22086E+3	1.67000E-4
4.22111E+3	1.67000E-4
4.22136E+3	1.67000E-4
4.22161E+3	1.67000E-4
4.22186E+3	1.68000E-4
4.22211E+3	1.68000E-4
4.22236E+3	1.68000E-4
4.22261E+3	1.69000E-4
4.22286E+3	1.69000E-4
4.22311E+3	1.69000E-4
4.22336E+3	1.69000E-4
4.22361E+3	1.69000E-4
4.22386E+3	1.69000E-4
4.22411E+3	1.69000E-4
4.22436E+3	1.69000E-4
4.22461E+3	1.69000E-4
4.22486E+3	1.69000E-4
4.22511E+3	1.69000E-4
4.22536E+3	1.69000E-4
4.22561E+3	1.69000E-4
4.22586E+3	1.69000E-4
4.22611E+3	1.69000E-4
4.22636E+3	1.69000E-4
4.22661E+3	1.70000E-4
4.22686E+3	1.71000E-4
4.22711E+3	1.71000E-4
4.22736E+3	1.71000E-4
4.22761E+3	1.71000E-4
4.22786E+3	1.71000E-4
4.22811E+3	1.71000E-4
4.22836E+3	1.71000E-4
4.22861E+3	1.71000E-4
4.22886E+3	1.71000E-4
4.22911E+3	1.71000E-4
4.22936E+3	1.71000E-4
4.22961E+3	1.71000E-4
4.22986E+3	1.71000E-4
4.23011E+3	1.71000E-4
4.23036E+3	1.71000E-4
4.23061E+3	1.71000E-4
4.23086E+3	1.72000E-4
4.23112E+3	1.72000E-4
4.23137E+3	1.72000E-4
4.23162E+3	1.72000E-4
4.23187E+3	1.72000E-4
4.23212E+3	1.72000E-4
4.23237E+3	1.72000E-4
4.23262E+3	1.72000E-4
4.23287E+3	1.72000E-4
4.23312E+3	1.72000E-4
4.23337E+3	1.72000E-4
4.23362E+3	1.72000E-4
4.23387E+3	1.72000E-4
4.23412E+3	1.72000E-4
4.23437E+3	1.73000E-4
4.23462E+3	1.73000E-4
4.23487E+3	1.74000E-4
4.23512E+3	1.74000E-4
4.23537E+3	1.74000E-4
4.23562E+3	1.74000E-4
4.23587E+3	1.74000E-4
4.23612E+3	1.74000E-4
4.23637E+3	1.74000E-4
4.23662E+3	1.74000E-4
4.23687E+3	1.74000E-4
4.23712E+3	1.74000E-4
4.23737E+3	1.74000E-4
4.23761E+3	1.74000E-4
4.23786E+3	1.74000E-4
4.23811E+3	1.74000E-4
4.23836E+3	1.74000E-4
4.23861E+3	1.74000E-4
4.23886E+3	1.75000E-4
4.23911E+3	1.75000E-4
4.23936E+3	1.75000E-4
4.23961E+3	1.75000E-4
4.23986E+3	1.75000E-4
4.24011E+3	1.75000E-4
4.24036E+3	1.75000E-4
4.24061E+3	1.75000E-4
4.24086E+3	1.75000E-4
4.24111E+3	1.75000E-4
4.24136E+3	1.75000E-4
4.24161E+3	1.75000E-4
4.24186E+3	1.75000E-4
4.24211E+3	1.75000E-4
4.24236E+3	1.75000E-4
4.24261E+3	1.75000E-4
4.24286E+3	1.76000E-4
4.24311E+3	1.77000E-4
4.24336E+3	1.77000E-4
4.24361E+3	1.77000E-4
4.24386E+3	1.77000E-4
4.24411E+3	1.77000E-4
4.24436E+3	1.77000E-4
4.24461E+3	1.77000E-4
4.24486E+3	1.77000E-4
4.24511E+3	1.77000E-4
4.24536E+3	1.77000E-4
4.24562E+3	1.77000E-4
4.24587E+3	1.77000E-4
4.24612E+3	1.77000E-4
4.24637E+3	1.77000E-4
4.24662E+3	1.77000E-4
4.24687E+3	1.78000E-4
4.24712E+3	1.79000E-4
4.24737E+3	1.79000E-4
4.24762E+3	1.79000E-4
4.24787E+3	1.79000E-4
4.24812E+3	1.79000E-4
4.24837E+3	1.79000E-4
4.24862E+3	1.79000E-4
4.24887E+3	1.79000E-4
4.24912E+3	1.79000E-4
4.24937E+3	1.79000E-4
4.24962E+3	1.79000E-4
4.24987E+3	1.79000E-4
4.25012E+3	1.79000E-4
4.25037E+3	1.79000E-4
4.25062E+3	1.80000E-4
4.25087E+3	1.80000E-4
4.25112E+3	1.80000E-4
4.25137E+3	1.80000E-4
4.25162E+3	1.80000E-4
4.25187E+3	1.80000E-4
4.25212E+3	1.80000E-4
4.25237E+3	1.80000E-4
4.25262E+3	1.80000E-4
4.25287E+3	1.80000E-4
4.25312E+3	1.80000E-4
4.25337E+3	1.80000E-4
4.25362E+3	1.80000E-4
4.25387E+3	1.81000E-4
4.25412E+3	1.81000E-4
4.25437E+3	1.82000E-4
4.25462E+3	1.82000E-4
4.25487E+3	1.82000E-4
4.25512E+3	1.82000E-4
4.25537E+3	1.82000E-4
4.25562E+3	1.82000E-4
4.25587E+3	1.82000E-4
4.25612E+3	1.82000E-4
4.25637E+3	1.82000E-4
4.25662E+3	1.82000E-4
4.25687E+3	1.82000E-4
4.25712E+3	1.82000E-4
4.25737E+3	1.82000E-4
4.25762E+3	1.82000E-4
4.25787E+3	1.83000E-4
4.25812E+3	1.84000E-4
4.25837E+3	1.84000E-4
4.25862E+3	1.84000E-4
4.25887E+3	1.84000E-4
4.25912E+3	1.84000E-4
4.25937E+3	1.84000E-4
4.25962E+3	1.84000E-4
4.25987E+3	1.84000E-4
4.26012E+3	1.84000E-4
4.26037E+3	1.84000E-4
4.26062E+3	1.84000E-4
4.26087E+3	1.84000E-4
4.26112E+3	1.85000E-4
4.26137E+3	1.85000E-4
4.26162E+3	1.85000E-4
4.26187E+3	1.85000E-4
4.26212E+3	1.85000E-4
4.26237E+3	1.85000E-4
4.26262E+3	1.85000E-4
4.26287E+3	1.85000E-4
4.26312E+3	1.85000E-4
4.26337E+3	1.85000E-4
4.26362E+3	1.85000E-4
4.26387E+3	1.85000E-4
4.26412E+3	1.86000E-4
4.26437E+3	1.86000E-4
4.26462E+3	1.87000E-4
4.26487E+3	1.87000E-4
4.26512E+3	1.87000E-4
4.26537E+3	1.87000E-4
4.26562E+3	1.87000E-4
4.26587E+3	1.87000E-4
4.26612E+3	1.87000E-4
4.26637E+3	1.87000E-4
4.26662E+3	1.87000E-4
4.26687E+3	1.87000E-4
4.26712E+3	1.87000E-4
4.26737E+3	1.87000E-4
4.26762E+3	1.88000E-4
4.26787E+3	1.89000E-4
4.26812E+3	1.89000E-4
4.26837E+3	1.89000E-4
4.26862E+3	1.89000E-4
4.26887E+3	1.89000E-4
4.26912E+3	1.89000E-4
4.26937E+3	1.89000E-4
4.26962E+3	1.89000E-4
4.26987E+3	1.89000E-4
4.27012E+3	1.89000E-4
4.27037E+3	1.89000E-4
4.27062E+3	1.90000E-4
4.27087E+3	1.91000E-4
4.27112E+3	1.91000E-4
4.27137E+3	1.91000E-4
4.27162E+3	1.91000E-4
4.27187E+3	1.91000E-4
4.27212E+3	1.91000E-4
4.27237E+3	1.91000E-4
4.27262E+3	1.91000E-4
4.27287E+3	1.91000E-4
4.27312E+3	1.91000E-4
4.27337E+3	1.91000E-4
4.27362E+3	1.92000E-4
4.27387E+3	1.92000E-4
4.27412E+3	1.92000E-4
4.27437E+3	1.92000E-4
4.27462E+3	1.92000E-4
4.27487E+3	1.92000E-4
4.27512E+3	1.92000E-4
4.27537E+3	1.92000E-4
4.27562E+3	1.92000E-4
4.27587E+3	1.92000E-4
4.27612E+3	1.92000E-4
4.27637E+3	1.93000E-4
4.27662E+3	1.94000E-4
4.27687E+3	1.94000E-4
4.27712E+3	1.94000E-4
4.27737E+3	1.94000E-4
4.27762E+3	1.94000E-4
4.27787E+3	1.94000E-4
4.27812E+3	1.94000E-4
4.27837E+3	1.94000E-4
4.27862E+3	1.94000E-4
4.27887E+3	1.94000E-4
4.27912E+3	1.95000E-4
4.27937E+3	1.96000E-4
4.27962E+3	1.96000E-4
4.27987E+3	1.96000E-4
4.28012E+3	1.96000E-4
4.28037E+3	1.96000E-4
4.28062E+3	1.96000E-4
4.28087E+3	1.96000E-4
4.28112E+3	1.96000E-4
4.28137E+3	1.96000E-4
4.28162E+3	1.96000E-4
4.28187E+3	1.97000E-4
4.28212E+3	1.98000E-4
4.28237E+3	1.98000E-4
4.28262E+3	1.98000E-4
4.28287E+3	1.98000E-4
4.28312E+3	1.98000E-4
4.28337E+3	1.98000E-4
4.28362E+3	1.98000E-4
4.28387E+3	1.98000E-4
4.28412E+3	1.98000E-4
4.28437E+3	1.98000E-4
4.28462E+3	2.00000E-4
4.28487E+3	2.00000E-4
4.28512E+3	2.00000E-4
4.28537E+3	2.00000E-4
4.28562E+3	2.00000E-4
4.28587E+3	2.00000E-4
4.28612E+3	2.00000E-4
4.28637E+3	2.00000E-4
4.28662E+3	2.00000E-4
4.28687E+3	2.00000E-4
4.28712E+3	2.01000E-4
4.28737E+3	2.01000E-4
4.28762E+3	2.01000E-4
4.28787E+3	2.01000E-4
4.28812E+3	2.01000E-4
4.28837E+3	2.01000E-4
4.28862E+3	2.01000E-4
4.28887E+3	2.01000E-4
4.28912E+3	2.01000E-4
4.28937E+3	2.01000E-4
4.28962E+3	2.02000E-4
4.28987E+3	2.03000E-4
4.29012E+3	2.03000E-4
4.29037E+3	2.03000E-4
4.29062E+3	2.03000E-4
4.29087E+3	2.03000E-4
4.29112E+3	2.03000E-4
4.29137E+3	2.03000E-4
4.29162E+3	2.03000E-4
4.29187E+3	2.04000E-4
4.29212E+3	2.05000E-4
4.29237E+3	2.05000E-4
4.29262E+3	2.05000E-4
4.29287E+3	2.05000E-4
4.29312E+3	2.05000E-4
4.29337E+3	2.05000E-4
4.29362E+3	2.05000E-4
4.29387E+3	2.05000E-4
4.29412E+3	2.06000E-4
4.29437E+3	2.06000E-4
4.29462E+3	2.07000E-4
4.29487E+3	2.07000E-4
4.29512E+3	2.07000E-4
4.29537E+3	2.07000E-4
4.29562E+3	2.07000E-4
4.29587E+3	2.07000E-4
4.29612E+3	2.07000E-4
4.29637E+3	2.07000E-4
4.29662E+3	2.08000E-4
4.29687E+3	2.09000E-4
4.29712E+3	2.09000E-4
4.29737E+3	2.09000E-4
4.29762E+3	2.09000E-4
4.29787E+3	2.09000E-4
4.29812E+3	2.09000E-4
4.29837E+3	2.09000E-4
4.29862E+3	2.09000E-4
4.29887E+3	2.10000E-4
4.29912E+3	2.11000E-4
4.29937E+3	2.11000E-4
4.29962E+3	2.11000E-4
4.29987E+3	2.11000E-4
4.30012E+3	2.11000E-4
4.30037E+3	2.11000E-4
4.30062E+3	2.11000E-4
4.30087E+3	2.12000E-4
4.30112E+3	2.13000E-4
4.30137E+3	2.13000E-4
4.30162E+3	2.13000E-4
4.30187E+3	2.13000E-4
4.30212E+3	2.13000E-4
4.30237E+3	2.13000E-4
4.30262E+3	2.13000E-4
4.30287E+3	2.13000E-4
4.30312E+3	2.15000E-4
4.30337E+3	2.15000E-4
4.30362E+3	2.15000E-4
4.30387E+3	2.15000E-4
4.30412E+3	2.15000E-4
4.30437E+3	2.15000E-4
4.30462E+3	2.15000E-4
4.30487E+3	2.16000E-4
4.30512E+3	2.17000E-4
4.30537E+3	2.17000E-4
4.30562E+3	2.17000E-4
4.30587E+3	2.17000E-4
4.30612E+3	2.17000E-4
4.30637E+3	2.17000E-4
4.30662E+3	2.17000E-4
4.30687E+3	2.18000E-4
4.30712E+3	2.19000E-4
4.30737E+3	2.19000E-4
4.30762E+3	2.19000E-4
4.30787E+3	2.19000E-4
4.30812E+3	2.19000E-4
4.30837E+3	2.19000E-4
4.30862E+3	2.20000E-4
4.30887E+3	2.21000E-4
4.30912E+3	2.21000E-4
4.30937E+3	2.21000E-4
4.30962E+3	2.21000E-4
4.30987E+3	2.21000E-4
4.31012E+3	2.21000E-4
4.31037E+3	2.22000E-4
4.31062E+3	2.23000E-4
4.31087E+3	2.23000E-4
4.31112E+3	2.23000E-4
4.31137E+3	2.23000E-4
4.31162E+3	2.23000E-4
4.31187E+3	2.23000E-4
4.31212E+3	2.23000E-4
4.31237E+3	2.25000E-4
4.31262E+3	2.25000E-4
4.31287E+3	2.25000E-4
4.31312E+3	2.25000E-4
4.31337E+3	2.25000E-4
4.31362E+3	2.25000E-4
4.31387E+3	2.25000E-4
4.31412E+3	2.27000E-4
4.31437E+3	2.27000E-4
4.31462E+3	2.27000E-4
4.31487E+3	2.27000E-4
4.31512E+3	2.27000E-4
4.31537E+3	2.27000E-4
4.31562E+3	2.28000E-4
4.31587E+3	2.29000E-4
4.31612E+3	2.29000E-4
4.31637E+3	2.29000E-4
4.31662E+3	2.29000E-4
4.31687E+3	2.29000E-4
4.31712E+3	2.30000E-4
4.31737E+3	2.31000E-4
4.31762E+3	2.31000E-4
4.31787E+3	2.31000E-4
4.31812E+3	2.31000E-4
4.31837E+3	2.31000E-4
4.31862E+3	2.31000E-4
4.31887E+3	2.33000E-4
4.31912E+3	2.33000E-4
4.31937E+3	2.33000E-4
4.31962E+3	2.33000E-4
4.31987E+3	2.33000E-4
4.32012E+3	2.34000E-4
4.32037E+3	2.35000E-4
4.32062E+3	2.36000E-4
4.32087E+3	2.36000E-4
4.32112E+3	2.36000E-4
4.32137E+3	2.36000E-4
4.32162E+3	2.36000E-4
4.32187E+3	2.38000E-4
4.32212E+3	2.38000E-4
4.32237E+3	2.38000E-4
4.32262E+3	2.38000E-4
4.32287E+3	2.38000E-4
4.32312E+3	2.39000E-4
4.32337E+3	2.40000E-4
4.32362E+3	2.40000E-4
4.32387E+3	2.40000E-4
4.32412E+3	2.40000E-4
4.32437E+3	2.40000E-4
4.32462E+3	2.42000E-4
4.32487E+3	2.42000E-4
4.32512E+3	2.42000E-4
4.32537E+3	2.42000E-4
4.32562E+3	2.42000E-4
4.32587E+3	2.43000E-4
4.32612E+3	2.44000E-4
4.32637E+3	2.44000E-4
4.32662E+3	2.44000E-4
4.32687E+3	2.44000E-4
4.32712E+3	2.45000E-4
4.32737E+3	2.47000E-4
4.32762E+3	2.47000E-4
4.32787E+3	2.47000E-4
4.32812E+3	2.47000E-4
4.32837E+3	2.47000E-4
4.32862E+3	2.48000E-4
4.32887E+3	2.49000E-4
4.32912E+3	2.49000E-4
4.32937E+3	2.49000E-4
4.32962E+3	2.49000E-4
4.32987E+3	2.51000E-4
4.33012E+3	2.51000E-4
4.33037E+3	2.51000E-4
4.33062E+3	2.51000E-4
4.33087E+3	2.51000E-4
4.33112E+3	2.52000E-4
4.33137E+3	2.54000E-4
4.33162E+3	2.54000E-4
4.33187E+3	2.54000E-4
4.33212E+3	2.54000E-4
4.33237E+3	2.54000E-4
4.33262E+3	2.56000E-4
4.33287E+3	2.56000E-4
4.33312E+3	2.56000E-4
4.33337E+3	2.56000E-4
4.33362E+3	2.57000E-4
4.33387E+3	2.58000E-4
4.33412E+3	2.58000E-4
4.33437E+3	2.58000E-4
4.33462E+3	2.58000E-4
4.33487E+3	2.59000E-4
4.33512E+3	2.61000E-4
4.33537E+3	2.61000E-4
4.33562E+3	2.61000E-4
4.33587E+3	2.63000E-4
4.33612E+3	2.63000E-4
4.33637E+3	2.63000E-4
4.33662E+3	2.63000E-4
4.33687E+3	2.63000E-4
4.33712E+3	2.65000E-4
4.33737E+3	2.65000E-4
4.33762E+3	2.65000E-4
4.33787E+3	2.65000E-4
4.33812E+3	2.67000E-4
4.33837E+3	2.68000E-4
4.33862E+3	2.68000E-4
4.33887E+3	2.68000E-4
4.33912E+3	2.68000E-4
4.33937E+3	2.69000E-4
4.33962E+3	2.70000E-4
4.33987E+3	2.70000E-4
4.34012E+3	2.70000E-4
4.34037E+3	2.71000E-4
4.34062E+3	2.73000E-4
4.34087E+3	2.73000E-4
4.34112E+3	2.73000E-4
4.34137E+3	2.73000E-4
4.34162E+3	2.75000E-4
4.34187E+3	2.75000E-4
4.34212E+3	2.75000E-4
4.34237E+3	2.75000E-4
4.34262E+3	2.77000E-4
4.34287E+3	2.78000E-4
4.34312E+3	2.78000E-4
4.34337E+3	2.78000E-4
4.34362E+3	2.79000E-4
4.34387E+3	2.81000E-4
4.34412E+3	2.81000E-4
4.34437E+3	2.81000E-4
4.34462E+3	2.81000E-4
4.34487E+3	2.83000E-4
4.34512E+3	2.83000E-4
4.34537E+3	2.83000E-4
4.34562E+3	2.83000E-4
4.34587E+3	2.86000E-4
4.34612E+3	2.86000E-4
4.34637E+3	2.86000E-4
4.34662E+3	2.86000E-4
4.34687E+3	2.88000E-4
4.34712E+3	2.88000E-4
4.34737E+3	2.88000E-4
4.34762E+3	2.89000E-4
4.34787E+3	2.91000E-4
4.34812E+3	2.91000E-4
4.34837E+3	2.91000E-4
4.34862E+3	2.92000E-4
4.34887E+3	2.94000E-4
4.34912E+3	2.94000E-4
4.34937E+3	2.94000E-4
4.34962E+3	2.95000E-4
4.34987E+3	2.96000E-4
4.35012E+3	2.96000E-4
4.35037E+3	2.96000E-4
4.35062E+3	2.98000E-4
4.35087E+3	2.99000E-4
4.35112E+3	2.99000E-4
4.35137E+3	2.99000E-4
4.35162E+3	3.01000E-4
4.35187E+3	3.02000E-4
4.35212E+3	3.02000E-4
4.35237E+3	3.03000E-4
4.35262E+3	3.05000E-4
4.35287E+3	3.05000E-4
4.35312E+3	3.05000E-4
4.35337E+3	3.06000E-4
4.35362E+3	3.08000E-4
4.35387E+3	3.08000E-4
4.35412E+3	3.08000E-4
4.35437E+3	3.09000E-4
4.35462E+3	3.10000E-4
4.35487E+3	3.10000E-4
4.35512E+3	3.12000E-4
4.35537E+3	3.13000E-4
4.35562E+3	3.13000E-4
4.35587E+3	3.13000E-4
4.35612E+3	3.15000E-4
4.35637E+3	3.16000E-4
4.35662E+3	3.16000E-4
4.35687E+3	3.17000E-4
4.35712E+3	3.19000E-4
4.35737E+3	3.19000E-4
4.35762E+3	3.19000E-4
4.35787E+3	3.22000E-4
4.35812E+3	3.22000E-4
4.35837E+3	3.22000E-4
4.35862E+3	3.25000E-4
4.35887E+3	3.25000E-4
4.35912E+3	3.25000E-4
4.35937E+3	3.27000E-4
4.35962E+3	3.28000E-4
4.35987E+3	3.28000E-4
4.36012E+3	3.29000E-4
4.36037E+3	3.31000E-4
4.36062E+3	3.31000E-4
4.36087E+3	3.32000E-4
4.36112E+3	3.34000E-4
4.36137E+3	3.34000E-4
4.36162E+3	3.35000E-4
4.36187E+3	3.37000E-4
4.36212E+3	3.37000E-4
4.36237E+3	3.38000E-4
4.36262E+3	3.40000E-4
4.36287E+3	3.40000E-4
4.36312E+3	3.41000E-4
4.36337E+3	3.43000E-4
4.36362E+3	3.44000E-4
4.36387E+3	3.44000E-4
4.36412E+3	3.46000E-4
4.36437E+3	3.47000E-4
4.36462E+3	3.47000E-4
4.36487E+3	3.49000E-4
4.36512E+3	3.50000E-4
4.36537E+3	3.50000E-4
4.36562E+3	3.52000E-4
4.36587E+3	3.53000E-4
4.36612E+3	3.53000E-4
4.36637E+3	3.55000E-4
4.36662E+3	3.56000E-4
4.36687E+3	3.56000E-4
4.36712E+3	3.59000E-4
4.36737E+3	3.60000E-4
4.36762E+3	3.60000E-4
4.36787E+3	3.62000E-4
4.36812E+3	3.63000E-4
4.36837E+3	3.63000E-4
4.36862E+3	3.66000E-4
4.36887E+3	3.66000E-4
4.36912E+3	3.67000E-4
4.36937E+3	3.70000E-4
4.36962E+3	3.70000E-4
4.36987E+3	3.70000E-4
4.37012E+3	3.73000E-4
4.37037E+3	3.73000E-4
4.37062E+3	3.74000E-4
4.37087E+3	3.77000E-4
4.37112E+3	3.77000E-4
4.37137E+3	3.78000E-4
4.37162E+3	3.80000E-4
4.37187E+3	3.80000E-4
4.37212E+3	3.81000E-4
4.37237E+3	3.84000E-4
4.37262E+3	3.84000E-4
4.37287E+3	3.85000E-4
4.37312E+3	3.87000E-4
4.37337E+3	3.87000E-4
4.37362E+3	3.89000E-4
4.37387E+3	3.91000E-4
4.37412E+3	3.91000E-4
4.37437E+3	3.94000E-4
4.37462E+3	3.94000E-4
4.37487E+3	3.95000E-4
4.37512E+3	3.97000E-4
4.37537E+3	3.98000E-4
4.37562E+3	3.98000E-4
4.37587E+3	4.01000E-4
4.37612E+3	4.02000E-4
4.37637E+3	4.03000E-4
4.37662E+3	4.06000E-4
4.37687E+3	4.06000E-4
4.37712E+3	4.07000E-4
4.37737E+3	4.09000E-4
4.37762E+3	4.09000E-4
4.37787E+3	4.11000E-4
4.37812E+3	4.13000E-4
4.37837E+3	4.13000E-4
4.37862E+3	4.16000E-4
4.37887E+3	4.17000E-4
4.37912E+3	4.18000E-4
4.37937E+3	4.20000E-4
4.37962E+3	4.21000E-4
4.37987E+3	4.22000E-4
4.38012E+3	4.24000E-4
4.38037E+3	4.25000E-4
4.38062E+3	4.26000E-4
4.38087E+3	4.29000E-4
4.38112E+3	4.29000E-4
4.38137E+3	4.31000E-4
4.38162E+3	4.33000E-4
4.38187E+3	4.33000E-4
4.38212E+3	4.35000E-4
4.38237E+3	4.37000E-4
4.38262E+3	4.37000E-4
4.38287E+3	4.39000E-4
4.38312E+3	4.41000E-4
4.38337E+3	4.41000E-4
4.38362E+3	4.43000E-4
4.38387E+3	4.45000E-4
4.38412E+3	4.45000E-4
4.38437E+3	4.48000E-4
4.38462E+3	4.49000E-4
4.38487E+3	4.51000E-4
4.38512E+3	4.53000E-4
4.38537E+3	4.53000E-4
4.38562E+3	4.55000E-4
4.38587E+3	4.57000E-4
4.38612E+3	4.57000E-4
4.38637E+3	4.60000E-4
4.38662E+3	4.61000E-4
4.38687E+3	4.62000E-4
4.38712E+3	4.65000E-4
4.38737E+3	4.66000E-4
4.38762E+3	4.66000E-4
4.38787E+3	4.69000E-4
4.38812E+3	4.70000E-4
4.38837E+3	4.72000E-4
4.38862E+3	4.74000E-4
4.38887E+3	4.74000E-4
4.38912E+3	4.77000E-4
4.38937E+3	4.79000E-4
4.38962E+3	4.79000E-4
4.38987E+3	4.83000E-4
4.39012E+3	4.83000E-4
4.39037E+3	4.84000E-4
4.39062E+3	4.88000E-4
4.39087E+3	4.88000E-4
4.39112E+3	4.90000E-4
4.39137E+3	4.92000E-4
4.39162E+3	4.92000E-4
4.39187E+3	4.95000E-4
4.39212E+3	4.97000E-4
4.39237E+3	4.98000E-4
4.39262E+3	5.01000E-4
4.39287E+3	5.01000E-4
4.39312E+3	5.03000E-4
4.39337E+3	5.06000E-4
4.39362E+3	5.06000E-4
4.39387E+3	5.08000E-4
4.39412E+3	5.11000E-4
4.39437E+3	5.11000E-4
4.39462E+3	5.13000E-4
4.39487E+3	5.15000E-4
4.39512E+3	5.15000E-4
4.39537E+3	5.17000E-4
4.39562E+3	5.20000E-4
4.39587E+3	5.20000E-4
4.39612E+3	5.23000E-4
4.39637E+3	5.25000E-4
4.39662E+3	5.27000E-4
4.39687E+3	5.30000E-4
4.39712E+3	5.30000E-4
4.39737E+3	5.31000E-4
4.39762E+3	5.34000E-4
4.39787E+3	5.35000E-4
4.39812E+3	5.36000E-4
4.39837E+3	5.39000E-4
4.39862E+3	5.40000E-4
4.39887E+3	5.41000E-4
4.39912E+3	5.45000E-4
4.39937E+3	5.45000E-4
4.39962E+3	5.46000E-4
4.39987E+3	5.50000E-4
4.40012E+3	5.50000E-4
4.40037E+3	5.51000E-4
4.40062E+3	5.55000E-4
4.40087E+3	5.55000E-4
4.40112E+3	5.57000E-4
4.40137E+3	5.60000E-4
4.40162E+3	5.60000E-4
4.40187E+3	5.62000E-4
4.40212E+3	5.65000E-4
4.40237E+3	5.65000E-4
4.40262E+3	5.68000E-4
4.40287E+3	5.70000E-4
4.40312E+3	5.70000E-4
4.40337E+3	5.73000E-4
4.40362E+3	5.75000E-4
4.40387E+3	5.75000E-4
4.40412E+3	5.76000E-4
4.40437E+3	5.81000E-4
4.40462E+3	5.81000E-4
4.40487E+3	5.82000E-4
4.40512E+3	5.86000E-4
4.40537E+3	5.86000E-4
4.40562E+3	5.87000E-4
4.40587E+3	5.92000E-4
4.40612E+3	5.92000E-4
4.40637E+3	5.93000E-4
4.40662E+3	5.97000E-4
4.40687E+3	5.97000E-4
4.40712E+3	5.97000E-4
4.40737E+3	6.03000E-4
4.40762E+3	6.03000E-4
4.40787E+3	6.04000E-4
4.40812E+3	6.08000E-4
4.40837E+3	6.08000E-4
4.40862E+3	6.10000E-4
4.40887E+3	6.14000E-4
4.40912E+3	6.14000E-4
4.40937E+3	6.16000E-4
4.40962E+3	6.19000E-4
4.40987E+3	6.19000E-4
4.41012E+3	6.21000E-4
4.41037E+3	6.25000E-4
4.41062E+3	6.25000E-4
4.41087E+3	6.27000E-4
4.41112E+3	6.31000E-4
4.41137E+3	6.31000E-4
4.41162E+3	6.33000E-4
4.41187E+3	6.37000E-4
4.41212E+3	6.37000E-4
4.41237E+3	6.39000E-4
4.41262E+3	6.43000E-4
4.41287E+3	6.43000E-4
4.41312E+3	6.45000E-4
4.41337E+3	6.49000E-4
4.41362E+3	6.49000E-4
4.41387E+3	6.51000E-4
4.41412E+3	6.55000E-4
4.41437E+3	6.55000E-4
4.41462E+3	6.57000E-4
4.41487E+3	6.61000E-4
4.41512E+3	6.61000E-4
4.41537E+3	6.63000E-4
4.41562E+3	6.67000E-4
4.41587E+3	6.67000E-4
4.41612E+3	6.70000E-4
4.41637E+3	6.73000E-4
4.41662E+3	6.73000E-4
4.41687E+3	6.76000E-4
4.41712E+3	6.79000E-4
4.41737E+3	6.80000E-4
4.41762E+3	6.84000E-4
4.41787E+3	6.85000E-4
4.41812E+3	6.87000E-4
4.41837E+3	6.91000E-4
4.41862E+3	6.92000E-4
4.41887E+3	6.94000E-4
4.41912E+3	6.98000E-4
4.41937E+3	6.98000E-4
4.41962E+3	7.01000E-4
4.41987E+3	7.05000E-4
4.42012E+3	7.05000E-4
4.42037E+3	7.09000E-4
4.42062E+3	7.11000E-4
4.42087E+3	7.11000E-4
4.42112E+3	7.15000E-4
4.42137E+3	7.18000E-4
4.42162E+3	7.19000E-4
4.42187E+3	7.23000E-4
4.42212E+3	7.24000E-4
4.42237E+3	7.26000E-4
4.42262E+3	7.30000E-4
4.42287E+3	7.31000E-4
4.42312E+3	7.34000E-4
4.42337E+3	7.38000E-4
4.42362E+3	7.38000E-4
4.42387E+3	7.40000E-4
4.42412E+3	7.45000E-4
4.42437E+3	7.45000E-4
4.42462E+3	7.47000E-4
4.42487E+3	7.52000E-4
4.42512E+3	7.52000E-4
4.42537E+3	7.55000E-4
4.42562E+3	7.59000E-4
4.42587E+3	7.59000E-4
4.42612E+3	7.63000E-4
4.42637E+3	7.66000E-4
4.42662E+3	7.67000E-4
4.42687E+3	7.72000E-4
4.42712E+3	7.73000E-4
4.42737E+3	7.75000E-4
4.42762E+3	7.80000E-4
4.42787E+3	7.80000E-4
4.42812E+3	7.85000E-4
4.42837E+3	7.87000E-4
4.42862E+3	7.91000E-4
4.42887E+3	7.94000E-4
4.42912E+3	7.94000E-4
4.42937E+3	8.01000E-4
4.42962E+3	8.02000E-4
4.42987E+3	8.04000E-4
4.43012E+3	8.09000E-4
4.43037E+3	8.09000E-4
4.43062E+3	8.14000E-4
4.43087E+3	8.17000E-4
4.43112E+3	8.20000E-4
4.43137E+3	8.24000E-4
4.43162E+3	8.25000E-4
4.43187E+3	8.30000E-4
4.43212E+3	8.32000E-4
4.43237E+3	8.37000E-4
4.43262E+3	8.39000E-4
4.43287E+3	8.39000E-4
4.43312E+3	8.47000E-4
4.43337E+3	8.47000E-4
4.43362E+3	8.53000E-4
4.43387E+3	8.55000E-4
4.43412E+3	8.59000E-4
4.43437E+3	8.63000E-4
4.43462E+3	8.65000E-4
4.43487E+3	8.70000E-4
4.43512E+3	8.71000E-4
4.43537E+3	8.75000E-4
4.43562E+3	8.79000E-4
4.43587E+3	8.80000E-4
4.43612E+3	8.87000E-4
4.43637E+3	8.87000E-4
4.43662E+3	8.91000E-4
4.43687E+3	8.95000E-4
4.43712E+3	8.98000E-4
4.43737E+3	9.03000E-4
4.43762E+3	9.05000E-4
4.43787E+3	9.10000E-4
4.43812E+3	9.12000E-4
4.43837E+3	9.15000E-4
4.43862E+3	9.20000E-4
4.43887E+3	9.20000E-4
4.43912E+3	9.27000E-4
4.43937E+3	9.29000E-4
4.43962E+3	9.31000E-4
4.43987E+3	9.38000E-4
4.44012E+3	9.38000E-4
4.44037E+3	9.42000E-4
4.44062E+3	9.46000E-4
4.44087E+3	9.49000E-4
4.44112E+3	9.54000E-4
4.44137E+3	9.55000E-4
4.44162E+3	9.61000E-4
4.44187E+3	9.64000E-4
4.44212E+3	9.65000E-4
4.44237E+3	9.71000E-4
4.44262E+3	9.73000E-4
4.44287E+3	9.76000E-4
4.44312E+3	9.82000E-4
4.44337E+3	9.82000E-4
4.44362E+3	9.86000E-4
4.44387E+3	9.91000E-4
4.44412E+3	9.92000E-4
4.44437E+3	9.98000E-4
4.44462E+3	1.00000E-3
4.44487E+3	1.00000E-3
4.44512E+3	1.01000E-3
4.44537E+3	1.01000E-3
4.44562E+3	1.02000E-3
4.44587E+3	1.02000E-3
4.44612E+3	1.02000E-3
4.44637E+3	1.03000E-3
4.44662E+3	1.03000E-3
4.44687E+3	1.03000E-3
4.44712E+3	1.04000E-3
4.44737E+3	1.04000E-3
4.44762E+3	1.04000E-3
4.44787E+3	1.05000E-3
4.44812E+3	1.05000E-3
4.44837E+3	1.05000E-3
4.44862E+3	1.06000E-3
4.44887E+3	1.06000E-3
4.44912E+3	1.06000E-3
4.44937E+3	1.07000E-3
4.44962E+3	1.07000E-3
4.44987E+3	1.08000E-3
4.45012E+3	1.08000E-3
4.45037E+3	1.08000E-3
4.45062E+3	1.08000E-3
4.45087E+3	1.09000E-3
4.45112E+3	1.09000E-3
4.45137E+3	1.09000E-3
4.45162E+3	1.10000E-3
4.45187E+3	1.10000E-3
4.45212E+3	1.10000E-3
4.45237E+3	1.11000E-3
4.45262E+3	1.11000E-3
4.45287E+3	1.12000E-3
4.45312E+3	1.12000E-3
4.45337E+3	1.12000E-3
4.45362E+3	1.13000E-3
4.45387E+3	1.13000E-3
4.45412E+3	1.13000E-3
4.45437E+3	1.14000E-3
4.45462E+3	1.14000E-3
4.45487E+3	1.14000E-3
4.45512E+3	1.15000E-3
4.45537E+3	1.15000E-3
4.45562E+3	1.15000E-3
4.45587E+3	1.16000E-3
4.45612E+3	1.16000E-3
4.45637E+3	1.16000E-3
4.45662E+3	1.17000E-3
4.45687E+3	1.17000E-3
4.45712E+3	1.17000E-3
4.45737E+3	1.18000E-3
4.45762E+3	1.18000E-3
4.45787E+3	1.18000E-3
4.45812E+3	1.19000E-3
4.45837E+3	1.19000E-3
4.45862E+3	1.20000E-3
4.45887E+3	1.20000E-3
4.45912E+3	1.20000E-3
4.45937E+3	1.21000E-3
4.45962E+3	1.21000E-3
4.45987E+3	1.21000E-3
4.46012E+3	1.22000E-3
4.46037E+3	1.22000E-3
4.46062E+3	1.23000E-3
4.46087E+3	1.23000E-3
4.46112E+3	1.24000E-3
4.46137E+3	1.24000E-3
4.46162E+3	1.25000E-3
4.46187E+3	1.25000E-3
4.46212E+3	1.25000E-3
4.46237E+3	1.26000E-3
4.46262E+3	1.25000E-3
4.46287E+3	1.25000E-3
4.46312E+3	1.25000E-3
4.46337E+3	1.25000E-3
4.46362E+3	1.25000E-3
4.46387E+3	1.26000E-3
4.46412E+3	1.26000E-3
4.46437E+3	1.26000E-3
4.46462E+3	1.27000E-3
4.46487E+3	1.27000E-3
4.46512E+3	1.27000E-3
4.46537E+3	1.28000E-3
4.46562E+3	1.28000E-3
4.46587E+3	1.28000E-3
4.46612E+3	1.29000E-3
4.46637E+3	1.29000E-3
4.46662E+3	1.29000E-3
4.46687E+3	1.29000E-3
4.46712E+3	1.30000E-3
4.46737E+3	1.31000E-3
4.46762E+3	1.31000E-3
4.46787E+3	1.31000E-3
4.46812E+3	1.32000E-3
4.46837E+3	1.32000E-3
4.46862E+3	1.32000E-3
4.46887E+3	1.33000E-3
4.46912E+3	1.33000E-3
4.46937E+3	1.33000E-3
4.46962E+3	1.34000E-3
4.46987E+3	1.34000E-3
4.47012E+3	1.34000E-3
4.47037E+3	1.34000E-3
4.47062E+3	1.35000E-3
4.47087E+3	1.36000E-3
4.47112E+3	1.36000E-3
4.47137E+3	1.36000E-3
4.47162E+3	1.36000E-3
4.47187E+3	1.37000E-3
4.47212E+3	1.37000E-3
4.47237E+3	1.37000E-3
4.47262E+3	1.38000E-3
4.47287E+3	1.38000E-3
4.47312E+3	1.38000E-3
4.47337E+3	1.39000E-3
4.47362E+3	1.39000E-3
4.47387E+3	1.39000E-3
4.47412E+3	1.39000E-3
4.47437E+3	1.40000E-3
4.47462E+3	1.41000E-3
4.47487E+3	1.41000E-3
4.47512E+3	1.41000E-3
4.47537E+3	1.41000E-3
4.47562E+3	1.42000E-3
4.47587E+3	1.42000E-3
4.47612E+3	1.42000E-3
4.47637E+3	1.43000E-3
4.47662E+3	1.43000E-3
4.47687E+3	1.43000E-3
4.47712E+3	1.44000E-3
4.47737E+3	1.45000E-3
4.47762E+3	1.45000E-3
4.47787E+3	1.45000E-3
4.47812E+3	1.45000E-3
4.47837E+3	1.46000E-3
4.47862E+3	1.46000E-3
4.47887E+3	1.46000E-3
4.47912E+3	1.47000E-3
4.47937E+3	1.47000E-3
4.47962E+3	1.47000E-3
4.47987E+3	1.48000E-3
4.48012E+3	1.49000E-3
4.48037E+3	1.49000E-3
4.48062E+3	1.49000E-3
4.48087E+3	1.49000E-3
4.48112E+3	1.50000E-3
4.48137E+3	1.50000E-3
4.48162E+3	1.50000E-3
4.48187E+3	1.51000E-3
4.48212E+3	1.51000E-3
4.48237E+3	1.51000E-3
4.48262E+3	1.51000E-3
4.48287E+3	1.52000E-3
4.48312E+3	1.53000E-3
4.48337E+3	1.53000E-3
4.48362E+3	1.53000E-3
4.48387E+3	1.53000E-3
4.48412E+3	1.54000E-3
4.48437E+3	1.54000E-3
4.48462E+3	1.54000E-3
4.48487E+3	1.56000E-3
4.48512E+3	1.56000E-3
4.48537E+3	1.56000E-3
4.48562E+3	1.57000E-3
4.48587E+3	1.57000E-3
4.48612E+3	1.57000E-3
4.48637E+3	1.58000E-3
4.48662E+3	1.58000E-3
4.48687E+3	1.58000E-3
4.48712E+3	1.58000E-3
4.48737E+3	1.59000E-3
4.48762E+3	1.60000E-3
4.48787E+3	1.60000E-3
4.48812E+3	1.60000E-3
4.48837E+3	1.61000E-3
4.48862E+3	1.61000E-3
4.48887E+3	1.61000E-3
4.48912E+3	1.61000E-3
4.48937E+3	1.63000E-3
4.48962E+3	1.63000E-3
4.48987E+3	1.63000E-3
4.49012E+3	1.63000E-3
4.49037E+3	1.64000E-3
4.49062E+3	1.64000E-3
4.49087E+3	1.64000E-3
4.49112E+3	1.65000E-3
4.49137E+3	1.66000E-3
4.49162E+3	1.66000E-3
4.49187E+3	1.66000E-3
4.49212E+3	1.66000E-3
4.49237E+3	1.67000E-3
4.49262E+3	1.67000E-3
4.49287E+3	1.67000E-3
4.49312E+3	1.68000E-3
4.49337E+3	1.69000E-3
4.49362E+3	1.69000E-3
4.49387E+3	1.69000E-3
4.49412E+3	1.69000E-3
4.49437E+3	1.70000E-3
4.49462E+3	1.71000E-3
4.49487E+3	1.71000E-3
4.49512E+3	1.71000E-3
4.49537E+3	1.72000E-3
4.49562E+3	1.72000E-3
4.49587E+3	1.72000E-3
4.49612E+3	1.72000E-3
4.49637E+3	1.73000E-3
4.49662E+3	1.74000E-3
4.49687E+3	1.74000E-3
4.49712E+3	1.74000E-3
4.49737E+3	1.74000E-3
4.49762E+3	1.75000E-3
4.49787E+3	1.75000E-3
4.49812E+3	1.75000E-3
4.49837E+3	1.76000E-3
4.49862E+3	1.77000E-3
4.49887E+3	1.77000E-3
4.49912E+3	1.77000E-3
4.49937E+3	1.78000E-3
4.49962E+3	1.79000E-3
4.49987E+3	1.79000E-3
4.50012E+3	1.79000E-3
4.50037E+3	1.79000E-3
4.50062E+3	1.80000E-3
4.50087E+3	1.80000E-3
4.50112E+3	1.80000E-3
4.50137E+3	1.80000E-3
4.50162E+3	1.81000E-3
4.50187E+3	1.82000E-3
4.50212E+3	1.82000E-3
4.50237E+3	1.82000E-3
4.50262E+3	1.82000E-3
4.50287E+3	1.83000E-3
4.50312E+3	1.84000E-3
4.50337E+3	1.84000E-3
4.50362E+3	1.84000E-3
4.50387E+3	1.84000E-3
4.50412E+3	1.85000E-3
4.50437E+3	1.85000E-3
4.50462E+3	1.85000E-3
4.50487E+3	1.85000E-3
4.50512E+3	1.86000E-3
4.50537E+3	1.87000E-3
4.50562E+3	1.87000E-3
4.50587E+3	1.87000E-3
4.50612E+3	1.87000E-3
4.50637E+3	1.88000E-3
4.50662E+3	1.89000E-3
4.50687E+3	1.89000E-3
4.50712E+3	1.89000E-3
4.50737E+3	1.89000E-3
4.50762E+3	1.89000E-3
4.50787E+3	1.90000E-3
4.50812E+3	1.91000E-3
4.50837E+3	1.91000E-3
4.50862E+3	1.91000E-3
4.50887E+3	1.91000E-3
4.50912E+3	1.92000E-3
4.50937E+3	1.92000E-3
4.50962E+3	1.92000E-3
4.50987E+3	1.92000E-3
4.51012E+3	1.93000E-3
4.51037E+3	1.94000E-3
4.51062E+3	1.94000E-3
4.51087E+3	1.94000E-3
4.51112E+3	1.94000E-3
4.51137E+3	1.95000E-3
4.51162E+3	1.96000E-3
4.51187E+3	1.96000E-3
4.51212E+3	1.96000E-3
4.51237E+3	1.97000E-3
4.51262E+3	1.98000E-3
4.51287E+3	1.98000E-3
4.51312E+3	1.98000E-3
4.51337E+3	1.98000E-3
4.51362E+3	1.99000E-3
4.51387E+3	2.00000E-3
4.51412E+3	1.99000E-3
4.51437E+3	1.98000E-3
4.51462E+3	1.98000E-3
4.51487E+3	1.98000E-3
4.51512E+3	1.98000E-3
4.51537E+3	1.98000E-3
4.51562E+3	1.99000E-3
4.51587E+3	2.00000E-3
4.51612E+3	2.00000E-3
4.51637E+3	2.00000E-3
4.51662E+3	2.00000E-3
4.51687E+3	2.01000E-3
4.51712E+3	2.01000E-3
4.51737E+3	2.01000E-3
4.51762E+3	2.01000E-3
4.51787E+3	2.03000E-3
4.51812E+3	2.03000E-3
4.51837E+3	2.03000E-3
4.51862E+3	2.03000E-3
4.51887E+3	2.03000E-3
4.51912E+3	2.05000E-3
4.51937E+3	2.05000E-3
4.51962E+3	2.05000E-3
4.51987E+3	2.05000E-3
4.52012E+3	2.05000E-3
4.52037E+3	2.07000E-3
4.52062E+3	2.07000E-3
4.52087E+3	2.07000E-3
4.52112E+3	2.08000E-3
4.52137E+3	2.09000E-3
4.52162E+3	2.09000E-3
4.52187E+3	2.09000E-3
4.52212E+3	2.09000E-3
4.52237E+3	2.09000E-3
4.52262E+3	2.11000E-3
4.52287E+3	2.11000E-3
4.52312E+3	2.11000E-3
4.52337E+3	2.11000E-3
4.52362E+3	2.12000E-3
4.52387E+3	2.13000E-3
4.52412E+3	2.13000E-3
4.52437E+3	2.13000E-3
4.52462E+3	2.13000E-3
4.52487E+3	2.15000E-3
4.52512E+3	2.15000E-3
4.52537E+3	2.15000E-3
4.52562E+3	2.15000E-3
4.52587E+3	2.16000E-3
4.52612E+3	2.17000E-3
4.52637E+3	2.17000E-3
4.52662E+3	2.17000E-3
4.52687E+3	2.18000E-3
4.52712E+3	2.19000E-3
4.52737E+3	2.19000E-3
4.52762E+3	2.19000E-3
4.52787E+3	2.20000E-3
4.52812E+3	2.21000E-3
4.52837E+3	2.21000E-3
4.52862E+3	2.21000E-3
4.52887E+3	2.22000E-3
4.52912E+3	2.23000E-3
4.52937E+3	2.23000E-3
4.52962E+3	2.23000E-3
4.52987E+3	2.23000E-3
4.53012E+3	2.23000E-3
4.53037E+3	2.25000E-3
4.53062E+3	2.25000E-3
4.53087E+3	2.25000E-3
4.53112E+3	2.26000E-3
4.53137E+3	2.27000E-3
4.53162E+3	2.27000E-3
4.53187E+3	2.27000E-3
4.53212E+3	2.27000E-3
4.53237E+3	2.27000E-3
4.53262E+3	2.29000E-3
4.53287E+3	2.29000E-3
4.53312E+3	2.29000E-3
4.53337E+3	2.29000E-3
4.53362E+3	2.30000E-3
4.53387E+3	2.31000E-3
4.53412E+3	2.31000E-3
4.53437E+3	2.31000E-3
4.53462E+3	2.31000E-3
4.53487E+3	2.31000E-3
4.53512E+3	2.32000E-3
4.53537E+3	2.33000E-3
4.53562E+3	2.33000E-3
4.53587E+3	2.33000E-3
4.53612E+3	2.34000E-3
4.53637E+3	2.36000E-3
4.53662E+3	2.36000E-3
4.53687E+3	2.36000E-3
4.53712E+3	2.36000E-3
4.53737E+3	2.37000E-3
4.53762E+3	2.38000E-3
4.53787E+3	2.38000E-3
4.53812E+3	2.38000E-3
4.53837E+3	2.38000E-3
4.53862E+3	2.40000E-3
4.53887E+3	2.40000E-3
4.53912E+3	2.40000E-3
4.53937E+3	2.40000E-3
4.53962E+3	2.41000E-3
4.53987E+3	2.42000E-3
4.54012E+3	2.42000E-3
4.54037E+3	2.42000E-3
4.54062E+3	2.42000E-3
4.54087E+3	2.44000E-3
4.54112E+3	2.44000E-3
4.54137E+3	2.44000E-3
4.54162E+3	2.44000E-3
4.54187E+3	2.44000E-3
4.54212E+3	2.46000E-3
4.54237E+3	2.47000E-3
4.54262E+3	2.47000E-3
4.54287E+3	2.47000E-3
4.54312E+3	2.48000E-3
4.54337E+3	2.49000E-3
4.54362E+3	2.49000E-3
4.54387E+3	2.49000E-3
4.54412E+3	2.50000E-3
4.54437E+3	2.51000E-3
4.54462E+3	2.51000E-3
4.54487E+3	2.51000E-3
4.54512E+3	2.51000E-3
4.54537E+3	2.53000E-3
4.54562E+3	2.54000E-3
4.54587E+3	2.54000E-3
4.54612E+3	2.54000E-3
4.54637E+3	2.56000E-3
4.54662E+3	2.56000E-3
4.54687E+3	2.56000E-3
4.54712E+3	2.56000E-3
4.54737E+3	2.57000E-3
4.54762E+3	2.57000E-3
4.54787E+3	2.58000E-3
4.54812E+3	2.58000E-3
4.54837E+3	2.58000E-3
4.54862E+3	2.59000E-3
4.54887E+3	2.61000E-3
4.54912E+3	2.61000E-3
4.54937E+3	2.61000E-3
4.54962E+3	2.61000E-3
4.54987E+3	2.62000E-3
4.55012E+3	2.63000E-3
4.55037E+3	2.63000E-3
4.55062E+3	2.63000E-3
4.55087E+3	2.65000E-3
4.55112E+3	2.65000E-3
4.55137E+3	2.65000E-3
4.55162E+3	2.66000E-3
4.55187E+3	2.67000E-3
4.55212E+3	2.68000E-3
4.55237E+3	2.68000E-3
4.55262E+3	2.68000E-3
4.55287E+3	2.70000E-3
4.55312E+3	2.70000E-3
4.55337E+3	2.70000E-3
4.55362E+3	2.70000E-3
4.55387E+3	2.71000E-3
4.55412E+3	2.73000E-3
4.55437E+3	2.73000E-3
4.55462E+3	2.73000E-3
4.55487E+3	2.73000E-3
4.55512E+3	2.74000E-3
4.55537E+3	2.75000E-3
4.55562E+3	2.75000E-3
4.55587E+3	2.77000E-3
4.55612E+3	2.78000E-3
4.55637E+3	2.78000E-3
4.55662E+3	2.78000E-3
4.55687E+3	2.80000E-3
4.55712E+3	2.81000E-3
4.55737E+3	2.81000E-3
4.55762E+3	2.82000E-3
4.55787E+3	2.83000E-3
4.55812E+3	2.83000E-3
4.55837E+3	2.83000E-3
4.55862E+3	2.85000E-3
4.55887E+3	2.86000E-3
4.55912E+3	2.86000E-3
4.55937E+3	2.86000E-3
4.55962E+3	2.86000E-3
4.55987E+3	2.88000E-3
4.56012E+3	2.88000E-3
4.56037E+3	2.88000E-3
4.56062E+3	2.89000E-3
4.56087E+3	2.91000E-3
4.56112E+3	2.91000E-3
4.56137E+3	2.91000E-3
4.56162E+3	2.92000E-3
4.56187E+3	2.94000E-3
4.56212E+3	2.94000E-3
4.56237E+3	2.94000E-3
4.56262E+3	2.96000E-3
4.56287E+3	2.96000E-3
4.56312E+3	2.96000E-3
4.56337E+3	2.97000E-3
4.56362E+3	2.99000E-3
4.56387E+3	2.99000E-3
4.56412E+3	2.99000E-3
4.56437E+3	3.00000E-3
4.56462E+3	3.02000E-3
4.56487E+3	3.02000E-3
4.56512E+3	3.03000E-3
4.56537E+3	3.05000E-3
4.56562E+3	3.05000E-3
4.56587E+3	3.05000E-3
4.56612E+3	3.06000E-3
4.56637E+3	3.08000E-3
4.56662E+3	3.08000E-3
4.56687E+3	3.08000E-3
4.56712E+3	3.10000E-3
4.56737E+3	3.10000E-3
4.56762E+3	3.10000E-3
4.56787E+3	3.11000E-3
4.56812E+3	3.12000E-3
4.56837E+3	3.13000E-3
4.56862E+3	3.14000E-3
4.56887E+3	3.15000E-3
4.56912E+3	3.16000E-3
4.56937E+3	3.16000E-3
4.56962E+3	3.16000E-3
4.56987E+3	3.17000E-3
4.57012E+3	3.19000E-3
4.57037E+3	3.19000E-3
4.57062E+3	3.19000E-3
4.57087E+3	3.21000E-3
4.57112E+3	3.22000E-3
4.57137E+3	3.22000E-3
4.57162E+3	3.22000E-3
4.57187E+3	3.25000E-3
4.57212E+3	3.25000E-3
4.57237E+3	3.26000E-3
4.57262E+3	3.28000E-3
4.57287E+3	3.28000E-3
4.57312E+3	3.28000E-3
4.57337E+3	3.30000E-3
4.57362E+3	3.31000E-3
4.57387E+3	3.31000E-3
4.57412E+3	3.31000E-3
4.57437E+3	3.33000E-3
4.57462E+3	3.34000E-3
4.57487E+3	3.34000E-3
4.57512E+3	3.36000E-3
4.57537E+3	3.37000E-3
4.57562E+3	3.37000E-3
4.57587E+3	3.37000E-3
4.57612E+3	3.40000E-3
4.57637E+3	3.40000E-3
4.57662E+3	3.40000E-3
4.57687E+3	3.41000E-3
4.57712E+3	3.43000E-3
4.57737E+3	3.45000E-3
4.57762E+3	3.45000E-3
4.57787E+3	3.47000E-3
4.57812E+3	3.47000E-3
4.57837E+3	3.47000E-3
4.57862E+3	3.48000E-3
4.57887E+3	3.50000E-3
4.57912E+3	3.50000E-3
4.57937E+3	3.50000E-3
4.57962E+3	3.50000E-3
4.57987E+3	3.51000E-3
4.58012E+3	3.53000E-3
4.58037E+3	3.53000E-3
4.58062E+3	3.53000E-3
4.58087E+3	3.55000E-3
4.58112E+3	3.56000E-3
4.58137E+3	3.56000E-3
4.58162E+3	3.56000E-3
4.58187E+3	3.59000E-3
4.58212E+3	3.60000E-3
4.58237E+3	3.60000E-3
4.58262E+3	3.62000E-3
4.58287E+3	3.63000E-3
4.58312E+3	3.63000E-3
4.58337E+3	3.65000E-3
4.58362E+3	3.66000E-3
4.58387E+3	3.66000E-3
4.58412E+3	3.66000E-3
4.58437E+3	3.67000E-3
4.58462E+3	3.70000E-3
4.58487E+3	3.70000E-3
4.58512E+3	3.70000E-3
4.58537E+3	3.70000E-3
4.58562E+3	3.73000E-3
4.58587E+3	3.73000E-3
4.58612E+3	3.74000E-3
4.58637E+3	3.76000E-3
4.58662E+3	3.77000E-3
4.58687E+3	3.77000E-3
4.58712E+3	3.77000E-3
4.58737E+3	3.80000E-3
4.58762E+3	3.80000E-3
4.58787E+3	3.80000E-3
4.58812E+3	3.82000E-3
4.58837E+3	3.84000E-3
4.58862E+3	3.84000E-3
4.58887E+3	3.84000E-3
4.58912E+3	3.84000E-3
4.58937E+3	3.87000E-3
4.58962E+3	3.87000E-3
4.58987E+3	3.88000E-3
4.59012E+3	3.91000E-3
4.59037E+3	3.91000E-3
4.59062E+3	3.91000E-3
4.59087E+3	3.93000E-3
4.59112E+3	3.94000E-3
4.59137E+3	3.94000E-3
4.59162E+3	3.94000E-3
4.59187E+3	3.96000E-3
4.59212E+3	3.98000E-3
4.59237E+3	3.98000E-3
4.59262E+3	3.99000E-3
4.59287E+3	4.02000E-3
4.59312E+3	4.02000E-3
4.59337E+3	4.02000E-3
4.59362E+3	4.04000E-3
4.59387E+3	4.06000E-3
4.59412E+3	4.06000E-3
4.59437E+3	4.06000E-3
4.59462E+3	4.06000E-3
4.59487E+3	4.09000E-3
4.59512E+3	4.09000E-3
4.59537E+3	4.09000E-3
4.59562E+3	4.11000E-3
4.59587E+3	4.13000E-3
4.59612E+3	4.13000E-3
4.59637E+3	4.14000E-3
4.59662E+3	4.15000E-3
4.59687E+3	4.17000E-3
4.59712E+3	4.17000E-3
4.59737E+3	4.17000E-3
4.59762E+3	4.20000E-3
4.59787E+3	4.21000E-3
4.59812E+3	4.21000E-3
4.59837E+3	4.21000E-3
4.59862E+3	4.25000E-3
4.59887E+3	4.25000E-3
4.59912E+3	4.25000E-3
4.59937E+3	4.25000E-3
4.59962E+3	4.25000E-3
4.59987E+3	4.28000E-3
4.60012E+3	4.29000E-3
4.60037E+3	4.29000E-3
4.60062E+3	4.30000E-3
4.60087E+3	4.33000E-3
4.60112E+3	4.33000E-3
4.60137E+3	4.33000E-3
4.60162E+3	4.37000E-3
4.60187E+3	4.37000E-3
4.60212E+3	4.37000E-3
4.60237E+3	4.38000E-3
4.60262E+3	4.40000E-3
4.60287E+3	4.41000E-3
4.60312E+3	4.41000E-3
4.60337E+3	4.42000E-3
4.60362E+3	4.44000E-3
4.60387E+3	4.45000E-3
4.60412E+3	4.45000E-3
4.60437E+3	4.45000E-3
4.60462E+3	4.46000E-3
4.60487E+3	4.49000E-3
4.60512E+3	4.49000E-3
4.60537E+3	4.49000E-3
4.60562E+3	4.52000E-3
4.60587E+3	4.53000E-3
4.60612E+3	4.53000E-3
4.60637E+3	4.54000E-3
4.60662E+3	4.56000E-3
4.60687E+3	4.57000E-3
4.60712E+3	4.57000E-3
4.60737E+3	4.58000E-3
4.60762E+3	4.59000E-3
4.60787E+3	4.61000E-3
4.60812E+3	4.61000E-3
4.60837E+3	4.61000E-3
4.60862E+3	4.63000E-3
4.60887E+3	4.66000E-3
4.60912E+3	4.66000E-3
4.60937E+3	4.66000E-3
4.60962E+3	4.69000E-3
4.60987E+3	4.70000E-3
4.61012E+3	4.70000E-3
4.61037E+3	4.70000E-3
4.61062E+3	4.70000E-3
4.61087E+3	4.73000E-3
4.61112E+3	4.74000E-3
4.61137E+3	4.74000E-3
4.61162E+3	4.75000E-3
4.61187E+3	4.77000E-3
4.61212E+3	4.79000E-3
4.61237E+3	4.79000E-3
4.61262E+3	4.79000E-3
4.61287E+3	4.81000E-3
4.61312E+3	4.83000E-3
4.61337E+3	4.83000E-3
4.61362E+3	4.83000E-3
4.61387E+3	4.85000E-3
4.61412E+3	4.88000E-3
4.61437E+3	4.88000E-3
4.61462E+3	4.88000E-3
4.61487E+3	4.88000E-3
4.61512E+3	4.90000E-3
4.61537E+3	4.92000E-3
4.61562E+3	4.92000E-3
4.61587E+3	4.92000E-3
4.61612E+3	4.92000E-3
4.61637E+3	4.93000E-3
4.61662E+3	4.97000E-3
4.61687E+3	4.97000E-3
4.61712E+3	4.97000E-3
4.61737E+3	4.97000E-3
4.61762E+3	5.01000E-3
4.61787E+3	5.01000E-3
4.61812E+3	5.01000E-3
4.61837E+3	5.01000E-3
4.61862E+3	5.05000E-3
4.61887E+3	5.06000E-3
4.61912E+3	5.06000E-3
4.61937E+3	5.06000E-3
4.61962E+3	5.06000E-3
4.61987E+3	5.10000E-3
4.62012E+3	5.11000E-3
4.62037E+3	5.11000E-3
4.62062E+3	5.11000E-3
4.62087E+3	5.11000E-3
4.62112E+3	5.14000E-3
4.62137E+3	5.15000E-3
4.62162E+3	5.15000E-3
4.62187E+3	5.15000E-3
4.62212E+3	5.18000E-3
4.62237E+3	5.18000E-3
4.62262E+3	5.19000E-3
4.62287E+3	5.20000E-3
4.62312E+3	5.20000E-3
4.62337E+3	5.20000E-3
4.62362E+3	5.20000E-3
4.62387E+3	5.20000E-3
4.62412E+3	5.20000E-3
4.62437E+3	5.23000E-3
4.62462E+3	5.25000E-3
4.62487E+3	5.25000E-3
4.62512E+3	5.25000E-3
4.62537E+3	5.25000E-3
4.62562E+3	5.27000E-3
4.62587E+3	5.30000E-3
4.62612E+3	5.30000E-3
4.62637E+3	5.30000E-3
4.62662E+3	5.30000E-3
4.62687E+3	5.30000E-3
4.62712E+3	5.30000E-3
4.62737E+3	5.32000E-3
4.62762E+3	5.32000E-3
4.62787E+3	5.35000E-3
4.62812E+3	5.35000E-3
4.62837E+3	5.35000E-3
4.62862E+3	5.35000E-3
4.62887E+3	5.39000E-3
4.62912E+3	5.40000E-3
4.62937E+3	5.40000E-3
4.62962E+3	5.40000E-3
4.62987E+3	5.40000E-3
4.63012E+3	5.40000E-3
4.63037E+3	5.40000E-3
4.63062E+3	5.42000E-3
4.63087E+3	5.45000E-3
4.63112E+3	5.45000E-3
4.63137E+3	5.45000E-3
4.63162E+3	5.45000E-3
4.63187E+3	5.45000E-3
4.63212E+3	5.46000E-3
4.63237E+3	5.48000E-3
4.63262E+3	5.50000E-3
4.63287E+3	5.50000E-3
4.63312E+3	5.50000E-3
4.63337E+3	5.50000E-3
4.63362E+3	5.50000E-3
4.63387E+3	5.50000E-3
4.63412E+3	5.52000E-3
4.63437E+3	5.55000E-3
4.63462E+3	5.55000E-3
4.63487E+3	5.55000E-3
4.63512E+3	5.55000E-3
4.63537E+3	5.55000E-3
4.63562E+3	5.55000E-3
4.63587E+3	5.56000E-3
4.63612E+3	5.58000E-3
4.63637E+3	5.60000E-3
4.63662E+3	5.60000E-3
4.63687E+3	5.60000E-3
4.63712E+3	5.60000E-3
4.63737E+3	5.60000E-3
4.63762E+3	5.60000E-3
4.63787E+3	5.60000E-3
4.63812E+3	5.65000E-3
4.63837E+3	5.65000E-3
4.63862E+3	5.65000E-3
4.63887E+3	5.65000E-3
4.63912E+3	5.65000E-3
4.63937E+3	5.65000E-3
4.63962E+3	5.65000E-3
4.63987E+3	5.65000E-3
4.64012E+3	5.65000E-3
4.64037E+3	5.66000E-3
4.64062E+3	5.68000E-3
4.64087E+3	5.70000E-3
4.64112E+3	5.70000E-3
4.64137E+3	5.70000E-3
4.64162E+3	5.70000E-3
4.64187E+3	5.70000E-3
4.64212E+3	5.70000E-3
4.64237E+3	5.70000E-3
4.64262E+3	5.72000E-3
4.64287E+3	5.75000E-3
4.64312E+3	5.75000E-3
4.64337E+3	5.75000E-3
4.64362E+3	5.75000E-3
4.64387E+3	5.75000E-3
4.64412E+3	5.75000E-3
4.64437E+3	5.76000E-3
4.64462E+3	5.78000E-3
4.64487E+3	5.81000E-3
4.64512E+3	5.81000E-3
4.64537E+3	5.81000E-3
4.64562E+3	5.81000E-3
4.64587E+3	5.81000E-3
4.64612E+3	5.81000E-3
4.64637E+3	5.81000E-3
4.64662E+3	5.81000E-3
4.64687E+3	5.82000E-3
4.64712E+3	5.84000E-3
4.64737E+3	5.86000E-3
4.64762E+3	5.86000E-3
4.64787E+3	5.86000E-3
4.64812E+3	5.86000E-3
4.64837E+3	5.86000E-3
4.64862E+3	5.86000E-3
4.64887E+3	5.86000E-3
4.64912E+3	5.86000E-3
4.64937E+3	5.86000E-3
4.64962E+3	5.92000E-3
4.64987E+3	5.92000E-3
4.65012E+3	5.92000E-3
4.65037E+3	5.92000E-3
4.65062E+3	5.92000E-3
4.65087E+3	5.92000E-3
4.65112E+3	5.92000E-3
4.65137E+3	5.92000E-3
4.65162E+3	5.92000E-3
4.65187E+3	5.92000E-3
4.65212E+3	5.92000E-3
4.65237E+3	5.92000E-3
4.65262E+3	5.92000E-3
4.65287E+3	5.94000E-3
4.65312E+3	5.97000E-3
4.65337E+3	5.97000E-3
4.65362E+3	5.97000E-3
4.65387E+3	5.97000E-3
4.65412E+3	5.97000E-3
4.65437E+3	5.97000E-3
4.65462E+3	5.97000E-3
4.65487E+3	5.97000E-3
4.65512E+3	5.97000E-3
4.65537E+3	5.98000E-3
4.65562E+3	6.00000E-3
4.65587E+3	6.03000E-3
4.65612E+3	6.03000E-3
4.65637E+3	6.03000E-3
4.65662E+3	6.03000E-3
4.65687E+3	6.03000E-3
4.65712E+3	6.03000E-3
4.65737E+3	6.03000E-3
4.65762E+3	6.03000E-3
4.65787E+3	6.03000E-3
4.65812E+3	6.03000E-3
4.65837E+3	6.03000E-3
4.65862E+3	6.03000E-3
4.65887E+3	6.04000E-3
4.65912E+3	6.08000E-3
4.65937E+3	6.08000E-3
4.65962E+3	6.08000E-3
4.65987E+3	6.08000E-3
4.66012E+3	6.08000E-3
4.66037E+3	6.08000E-3
4.66062E+3	6.08000E-3
4.66087E+3	6.08000E-3
4.66112E+3	6.08000E-3
4.66137E+3	6.08000E-3
4.66162E+3	6.08000E-3
4.66187E+3	6.08000E-3
4.66212E+3	6.11000E-3
4.66237E+3	6.14000E-3
4.66262E+3	6.14000E-3
4.66287E+3	6.14000E-3
4.66312E+3	6.14000E-3
4.66337E+3	6.14000E-3
4.66362E+3	6.14000E-3
4.66387E+3	6.14000E-3
4.66412E+3	6.14000E-3
4.66437E+3	6.14000E-3
4.66462E+3	6.14000E-3
4.66487E+3	6.14000E-3
4.66512E+3	6.14000E-3
4.66537E+3	6.14000E-3
4.66562E+3	6.14000E-3
4.66587E+3	6.14000E-3
4.66612E+3	6.16000E-3
4.66637E+3	6.19000E-3
4.66662E+3	6.19000E-3
4.66687E+3	6.19000E-3
4.66712E+3	6.19000E-3
4.66737E+3	6.19000E-3
4.66762E+3	6.19000E-3
4.66787E+3	6.19000E-3
4.66812E+3	6.19000E-3
4.66837E+3	6.19000E-3
4.66862E+3	6.19000E-3
4.66887E+3	6.19000E-3
4.66912E+3	6.19000E-3
4.66937E+3	6.19000E-3
4.66962E+3	6.20000E-3
4.66987E+3	6.21000E-3
4.67012E+3	6.31000E-3
4.67037E+3	6.28000E-3
4.67062E+3	6.25000E-3
4.67087E+3	6.25000E-3
4.67112E+3	6.25000E-3
4.67137E+3	6.27000E-3
4.67162E+3	6.28000E-3
4.67187E+3	6.37000E-3
4.67212E+3	6.43000E-3
4.67237E+3	6.45000E-3
4.67262E+3	6.48000E-3
4.67287E+3	6.49000E-3
4.67312E+3	6.49000E-3
4.67337E+3	6.49000E-3
4.67362E+3	6.49000E-3
4.67387E+3	6.49000E-3
4.67412E+3	6.48000E-3
4.67437E+3	6.51000E-3
4.67462E+3	6.53000E-3
4.67487E+3	6.55000E-3
4.67512E+3	6.55000E-3
4.67537E+3	6.55000E-3
4.67562E+3	6.55000E-3
4.67587E+3	6.55000E-3
4.67612E+3	6.55000E-3
4.67637E+3	6.55000E-3
4.67662E+3	6.54000E-3
4.67687E+3	6.55000E-3
4.67712E+3	6.55000E-3
4.67737E+3	6.55000E-3
4.67762E+3	6.55000E-3
4.67787E+3	6.55000E-3
4.67812E+3	6.55000E-3
4.67837E+3	6.56000E-3
4.67862E+3	6.58000E-3
4.67887E+3	6.58000E-3
4.67912E+3	6.60000E-3
4.67937E+3	6.61000E-3
4.67962E+3	6.60000E-3
4.67987E+3	6.61000E-3
4.68012E+3	6.61000E-3
4.68037E+3	6.59000E-3
4.68062E+3	6.61000E-3
4.68087E+3	6.61000E-3
4.68112E+3	6.61000E-3
4.68137E+3	6.61000E-3
4.68162E+3	6.61000E-3
4.68187E+3	6.66000E-3
4.68212E+3	6.66000E-3
4.68237E+3	6.66000E-3
4.68262E+3	6.66000E-3
4.68287E+3	6.66000E-3
4.68312E+3	6.66000E-3
4.68337E+3	6.66000E-3
4.68362E+3	6.66000E-3
4.68387E+3	6.66000E-3
4.68412E+3	6.66000E-3
4.68437E+3	6.66000E-3
4.68462E+3	6.67000E-3
4.68487E+3	6.67000E-3
4.68512E+3	6.67000E-3
4.68537E+3	6.67000E-3
4.68562E+3	6.67000E-3
4.68587E+3	6.67000E-3
4.68612E+3	6.67000E-3
4.68637E+3	6.67000E-3
4.68662E+3	6.67000E-3
4.68687E+3	6.65000E-3
4.68712E+3	6.67000E-3
4.68737E+3	6.67000E-3
4.68762E+3	6.67000E-3
4.68787E+3	6.67000E-3
4.68812E+3	6.67000E-3
4.68837E+3	6.67000E-3
4.68862E+3	6.67000E-3
4.68887E+3	6.67000E-3
4.68912E+3	6.67000E-3
4.68937E+3	6.67000E-3
4.68962E+3	6.66000E-3
4.68987E+3	6.68000E-3
4.69012E+3	6.67000E-3
4.69037E+3	6.67000E-3
4.69062E+3	6.70000E-3
4.69087E+3	6.72000E-3
4.69112E+3	6.73000E-3
4.69137E+3	6.73000E-3
4.69162E+3	6.73000E-3
4.69187E+3	6.73000E-3
4.69212E+3	6.73000E-3
4.69237E+3	6.73000E-3
4.69262E+3	6.80000E-3
4.69287E+3	6.91000E-3
4.69312E+3	6.91000E-3
4.69337E+3	6.95000E-3
4.69362E+3	7.00000E-3
4.69387E+3	7.01000E-3
4.69412E+3	7.02000E-3
4.69437E+3	7.05000E-3
4.69462E+3	7.05000E-3
4.69487E+3	7.05000E-3
4.69512E+3	7.04000E-3
4.69537E+3	7.05000E-3
4.69562E+3	7.05000E-3
4.69587E+3	7.05000E-3
4.69612E+3	7.05000E-3
4.69637E+3	7.05000E-3
4.69662E+3	7.03000E-3
4.69687E+3	7.05000E-3
4.69712E+3	7.05000E-3
4.69737E+3	7.05000E-3
4.69762E+3	7.05000E-3
4.69787E+3	7.05000E-3
4.69812E+3	7.05000E-3
4.69837E+3	7.05000E-3
4.69862E+3	7.05000E-3
4.69887E+3	7.05000E-3
4.69912E+3	7.05000E-3
4.69937E+3	7.06000E-3
4.69962E+3	7.07000E-3
4.69987E+3	7.07000E-3
4.70012E+3	7.08000E-3
4.70037E+3	7.08000E-3
4.70062E+3	7.08000E-3
4.70087E+3	7.08000E-3
4.70112E+3	7.08000E-3
4.70137E+3	7.08000E-3
4.70162E+3	7.08000E-3
4.70187E+3	7.08000E-3
4.70212E+3	7.09000E-3
4.70237E+3	7.10000E-3
4.70262E+3	7.11000E-3
4.70287E+3	7.10000E-3
4.70312E+3	7.10000E-3
4.70337E+3	7.11000E-3
4.70362E+3	7.11000E-3
4.70387E+3	7.09000E-3
4.70412E+3	7.11000E-3
4.70437E+3	7.11000E-3
4.70462E+3	7.12000E-3
4.70487E+3	7.12000E-3
4.70512E+3	7.12000E-3
4.70537E+3	7.12000E-3
4.70562E+3	7.12000E-3
4.70587E+3	7.13000E-3
4.70612E+3	7.13000E-3
4.70637E+3	7.08000E-3
4.70662E+3	7.11000E-3
4.70687E+3	7.11000E-3
4.70712E+3	7.11000E-3
4.70737E+3	7.11000E-3
4.70762E+3	7.12000E-3
4.70787E+3	7.12000E-3
4.70812E+3	7.13000E-3
4.70837E+3	7.14000E-3
4.70862E+3	7.14000E-3
4.70887E+3	7.15000E-3
4.70912E+3	7.16000E-3
4.70937E+3	7.12000E-3
4.70962E+3	7.14000E-3
4.70987E+3	7.17000E-3
4.71012E+3	7.18000E-3
4.71037E+3	7.17000E-3
4.71062E+3	7.17000E-3
4.71087E+3	7.17000E-3
4.71112E+3	7.18000E-3
4.71137E+3	7.16000E-3
4.71162E+3	7.17000E-3
4.71187E+3	7.17000E-3
4.71212E+3	7.18000E-3
4.71237E+3	7.19000E-3
4.71262E+3	7.19000E-3
4.71287E+3	7.19000E-3
4.71312E+3	7.19000E-3
4.71337E+3	7.19000E-3
4.71362E+3	7.19000E-3
4.71387E+3	7.24000E-3
4.71412E+3	7.24000E-3
4.71437E+3	7.24000E-3
4.71462E+3	7.24000E-3
4.71487E+3	7.24000E-3
4.71512E+3	7.24000E-3
4.71537E+3	7.24000E-3
4.71562E+3	7.24000E-3
4.71587E+3	7.24000E-3
4.71612E+3	7.24000E-3
4.71637E+3	7.24000E-3
4.71662E+3	7.24000E-3
4.71687E+3	7.24000E-3
4.71712E+3	7.24000E-3
4.71737E+3	7.22000E-3
4.71762E+3	7.24000E-3
4.71787E+3	7.24000E-3
4.71812E+3	7.24000E-3
4.71837E+3	7.24000E-3
4.71862E+3	7.24000E-3
4.71887E+3	7.24000E-3
4.71912E+3	7.24000E-3
4.71937E+3	7.24000E-3
4.71962E+3	7.24000E-3
4.71987E+3	7.24000E-3
4.72012E+3	7.26000E-3
4.72037E+3	7.25000E-3
4.72062E+3	7.26000E-3
4.72087E+3	7.29000E-3
4.72112E+3	7.35000E-3
4.72137E+3	7.43000E-3
4.72162E+3	7.47000E-3
4.72187E+3	7.52000E-3
4.72212E+3	7.53000E-3
4.72237E+3	7.55000E-3
4.72262E+3	7.55000E-3
4.72287E+3	7.56000E-3
4.72312E+3	7.56000E-3
4.72337E+3	7.57000E-3
4.72362E+3	7.58000E-3
4.72387E+3	7.58000E-3
4.72412E+3	7.58000E-3
4.72437E+3	7.58000E-3
4.72462E+3	7.51000E-3
4.72487E+3	7.54000E-3
4.72512E+3	7.55000E-3
4.72537E+3	7.56000E-3
4.72562E+3	7.59000E-3
4.72587E+3	7.55000E-3
4.72612E+3	7.52000E-3
4.72637E+3	7.56000E-3
4.72662E+3	7.58000E-3
4.72687E+3	7.59000E-3
4.72712E+3	7.59000E-3
4.72737E+3	7.56000E-3
4.72762E+3	7.59000E-3
4.72787E+3	7.59000E-3
4.72812E+3	7.59000E-3
4.72837E+3	7.59000E-3
4.72862E+3	7.59000E-3
4.72887E+3	7.59000E-3
4.72912E+3	7.60000E-3
4.72937E+3	7.58000E-3
4.72962E+3	7.59000E-3
4.72987E+3	7.59000E-3
4.73012E+3	7.60000E-3
4.73037E+3	7.60000E-3
4.73062E+3	7.63000E-3
4.73087E+3	7.63000E-3
4.73112E+3	7.59000E-3
4.73137E+3	7.59000E-3
4.73162E+3	7.61000E-3
4.73187E+3	7.63000E-3
4.73212E+3	7.64000E-3
4.73237E+3	7.65000E-3
4.73262E+3	7.64000E-3
4.73287E+3	7.66000E-3
4.73312E+3	7.66000E-3
4.73337E+3	7.62000E-3
4.73362E+3	7.64000E-3
4.73387E+3	7.66000E-3
4.73412E+3	7.66000E-3
4.73437E+3	7.65000E-3
4.73462E+3	7.65000E-3
4.73487E+3	7.66000E-3
4.73512E+3	7.65000E-3
4.73537E+3	7.66000E-3
4.73562E+3	7.65000E-3
4.73587E+3	7.66000E-3
4.73612E+3	7.66000E-3
4.73637E+3	7.66000E-3
4.73662E+3	7.66000E-3
4.73687E+3	7.66000E-3
4.73712E+3	7.66000E-3
4.73737E+3	7.66000E-3
4.73762E+3	7.66000E-3
4.73787E+3	7.66000E-3
4.73812E+3	7.66000E-3
4.73837E+3	7.66000E-3
4.73862E+3	7.59000E-3
4.73887E+3	7.60000E-3
4.73912E+3	7.66000E-3
4.73937E+3	7.66000E-3
4.73962E+3	7.67000E-3
4.73987E+3	7.55000E-3
4.74012E+3	7.61000E-3
4.74037E+3	7.60000E-3
4.74062E+3	7.66000E-3
4.74087E+3	7.67000E-3
4.74112E+3	7.68000E-3
4.74137E+3	7.68000E-3
4.74162E+3	7.69000E-3
4.74187E+3	7.69000E-3
4.74212E+3	7.70000E-3
4.74237E+3	7.71000E-3
4.74262E+3	7.65000E-3
4.74287E+3	7.66000E-3
4.74312E+3	7.66000E-3
4.74337E+3	7.67000E-3
4.74362E+3	7.66000E-3
4.74387E+3	7.67000E-3
4.74412E+3	7.68000E-3
4.74437E+3	7.71000E-3
4.74462E+3	7.72000E-3
4.74487E+3	7.72000E-3
4.74512E+3	7.66000E-3
4.74537E+3	7.69000E-3
4.74562E+3	7.73000E-3
4.74587E+3	7.73000E-3
4.74612E+3	7.73000E-3
4.74637E+3	7.72000E-3
4.74662E+3	7.72000E-3
4.74687E+3	7.72000E-3
4.74712E+3	7.72000E-3
4.74737E+3	7.73000E-3
4.74762E+3	7.74000E-3
4.74787E+3	7.73000E-3
4.74812E+3	7.70000E-3
4.74837E+3	7.72000E-3
4.74862E+3	7.67000E-3
4.74887E+3	7.69000E-3
4.74912E+3	7.72000E-3
4.74937E+3	7.73000E-3
4.74962E+3	7.76000E-3
4.74987E+3	7.73000E-3
4.75012E+3	7.73000E-3
4.75037E+3	7.73000E-3
4.75062E+3	7.73000E-3
4.75087E+3	7.65000E-3
4.75112E+3	7.68000E-3
4.75137E+3	7.68000E-3
4.75162E+3	7.72000E-3
4.75187E+3	7.73000E-3
4.75212E+3	7.74000E-3
4.75237E+3	7.76000E-3
4.75262E+3	7.73000E-3
4.75287E+3	7.74000E-3
4.75312E+3	7.74000E-3
4.75337E+3	7.74000E-3
4.75362E+3	7.74000E-3
4.75387E+3	7.74000E-3
4.75412E+3	7.70000E-3
4.75437E+3	7.73000E-3
4.75462E+3	7.73000E-3
4.75487E+3	7.73000E-3
4.75512E+3	7.74000E-3
4.75537E+3	7.75000E-3
4.75562E+3	7.76000E-3
4.75587E+3	7.76000E-3
4.75612E+3	7.78000E-3
4.75637E+3	7.79000E-3
4.75662E+3	7.79000E-3
4.75687E+3	7.75000E-3
4.75712E+3	7.76000E-3
4.75737E+3	7.79000E-3
4.75762E+3	7.79000E-3
4.75787E+3	7.75000E-3
4.75812E+3	7.79000E-3
4.75837E+3	7.80000E-3
4.75862E+3	7.79000E-3
4.75887E+3	7.79000E-3
4.75912E+3	7.80000E-3
4.75937E+3	7.76000E-3
4.75962E+3	7.81000E-3
4.75988E+3	7.79000E-3
4.76013E+3	7.80000E-3
4.76038E+3	7.80000E-3
4.76063E+3	7.80000E-3
4.76088E+3	7.79000E-3
4.76113E+3	7.80000E-3
4.76138E+3	7.80000E-3
4.76163E+3	7.79000E-3
4.76188E+3	7.80000E-3
4.76213E+3	7.77000E-3
4.76238E+3	7.79000E-3
4.76263E+3	7.77000E-3
4.76288E+3	7.77000E-3
4.76313E+3	7.76000E-3
4.76338E+3	7.80000E-3
4.76363E+3	7.75000E-3
4.76388E+3	7.79000E-3
4.76413E+3	7.80000E-3
4.76438E+3	7.73000E-3
4.76463E+3	7.77000E-3
4.76488E+3	7.80000E-3
4.76513E+3	7.70000E-3
4.76538E+3	7.75000E-3
4.76563E+3	7.79000E-3
4.76588E+3	7.81000E-3
4.76613E+3	7.80000E-3
4.76638E+3	7.81000E-3
4.76663E+3	7.82000E-3
4.76688E+3	7.76000E-3
4.76713E+3	7.79000E-3
4.76738E+3	7.81000E-3
4.76763E+3	7.83000E-3
4.76788E+3	7.84000E-3
4.76813E+3	7.86000E-3
4.76838E+3	7.87000E-3
4.76863E+3	7.89000E-3
4.76888E+3	7.87000E-3
4.76913E+3	7.87000E-3
4.76938E+3	7.90000E-3
4.76963E+3	7.96000E-3
4.76988E+3	8.04000E-3
4.77013E+3	8.11000E-3
4.77038E+3	8.14000E-3
4.77063E+3	8.13000E-3
4.77088E+3	8.16000E-3
4.77113E+3	8.17000E-3
4.77138E+3	8.17000E-3
4.77163E+3	8.16000E-3
4.77188E+3	8.18000E-3
4.77213E+3	8.17000E-3
4.77238E+3	8.18000E-3
4.77263E+3	8.19000E-3
4.77288E+3	8.19000E-3
4.77313E+3	8.21000E-3
4.77338E+3	8.18000E-3
4.77363E+3	8.18000E-3
4.77388E+3	8.18000E-3
4.77413E+3	8.18000E-3
4.77438E+3	8.01000E-3
4.77463E+3	8.10000E-3
4.77488E+3	8.17000E-3
4.77513E+3	8.17000E-3
4.77538E+3	8.18000E-3
4.77563E+3	8.18000E-3
4.77588E+3	8.18000E-3
4.77613E+3	8.19000E-3
4.77638E+3	8.18000E-3
4.77663E+3	8.18000E-3
4.77688E+3	8.21000E-3
4.77713E+3	8.23000E-3
4.77738E+3	8.24000E-3
4.77763E+3	8.24000E-3
4.77788E+3	8.23000E-3
4.77813E+3	8.23000E-3
4.77838E+3	8.23000E-3
4.77863E+3	8.20000E-3
4.77888E+3	8.22000E-3
4.77913E+3	8.24000E-3
4.77938E+3	8.24000E-3
4.77963E+3	8.25000E-3
4.77988E+3	8.24000E-3
4.78013E+3	8.24000E-3
4.78038E+3	8.23000E-3
4.78063E+3	8.21000E-3
4.78088E+3	8.24000E-3
4.78113E+3	8.24000E-3
4.78138E+3	8.24000E-3
4.78163E+3	8.24000E-3
4.78188E+3	8.21000E-3
4.78213E+3	8.22000E-3
4.78238E+3	8.21000E-3
4.78263E+3	8.24000E-3
4.78288E+3	8.24000E-3
4.78313E+3	8.24000E-3
4.78338E+3	8.25000E-3
4.78363E+3	8.23000E-3
4.78388E+3	8.24000E-3
4.78413E+3	8.25000E-3
4.78438E+3	8.24000E-3
4.78463E+3	8.24000E-3
4.78488E+3	8.24000E-3
4.78513E+3	8.24000E-3
4.78538E+3	8.24000E-3
4.78563E+3	8.24000E-3
4.78588E+3	8.24000E-3
4.78613E+3	8.19000E-3
4.78638E+3	8.25000E-3
4.78663E+3	8.24000E-3
4.78688E+3	8.25000E-3
4.78713E+3	8.25000E-3
4.78738E+3	8.26000E-3
4.78763E+3	8.25000E-3
4.78788E+3	8.27000E-3
4.78813E+3	8.27000E-3
4.78838E+3	8.22000E-3
4.78863E+3	8.24000E-3
4.78888E+3	8.22000E-3
4.78913E+3	8.24000E-3
4.78938E+3	8.25000E-3
4.78963E+3	8.25000E-3
4.78988E+3	8.27000E-3
4.79013E+3	8.27000E-3
4.79038E+3	8.30000E-3
4.79063E+3	8.31000E-3
4.79088E+3	8.31000E-3
4.79113E+3	8.32000E-3
4.79138E+3	8.31000E-3
4.79163E+3	8.32000E-3
4.79188E+3	8.29000E-3
4.79213E+3	8.31000E-3
4.79238E+3	8.32000E-3
4.79263E+3	8.31000E-3
4.79288E+3	8.24000E-3
4.79313E+3	8.24000E-3
4.79338E+3	8.27000E-3
4.79363E+3	8.21000E-3
4.79388E+3	8.25000E-3
4.79413E+3	8.26000E-3
4.79438E+3	8.29000E-3
4.79463E+3	8.31000E-3
4.79488E+3	8.28000E-3
4.79513E+3	8.21000E-3
4.79538E+3	8.26000E-3
4.79563E+3	8.27000E-3
4.79588E+3	8.29000E-3
4.79613E+3	8.30000E-3
4.79638E+3	8.31000E-3
4.79663E+3	8.32000E-3
4.79688E+3	8.31000E-3
4.79713E+3	8.32000E-3
4.79738E+3	8.33000E-3
4.79763E+3	8.31000E-3
4.79788E+3	8.31000E-3
4.79813E+3	8.32000E-3
4.79838E+3	8.31000E-3
4.79863E+3	8.32000E-3
4.79888E+3	8.31000E-3
4.79913E+3	8.31000E-3
4.79938E+3	8.32000E-3
4.79963E+3	8.32000E-3
4.79988E+3	8.32000E-3
4.80013E+3	8.26000E-3
4.80038E+3	8.29000E-3
4.80063E+3	8.32000E-3
4.80088E+3	8.32000E-3
4.80113E+3	8.32000E-3
4.80138E+3	8.30000E-3
4.80163E+3	8.31000E-3
4.80188E+3	8.36000E-3
4.80213E+3	8.34000E-3
4.80238E+3	8.35000E-3
4.80263E+3	8.34000E-3
4.80288E+3	8.32000E-3
4.80313E+3	8.33000E-3
4.80338E+3	8.33000E-3
4.80363E+3	8.33000E-3
4.80388E+3	8.30000E-3
4.80413E+3	8.32000E-3
4.80438E+3	8.32000E-3
4.80463E+3	8.33000E-3
4.80488E+3	8.34000E-3
4.80513E+3	8.34000E-3
4.80538E+3	8.37000E-3
4.80563E+3	8.38000E-3
4.80588E+3	8.38000E-3
4.80613E+3	8.39000E-3
4.80638E+3	8.34000E-3
4.80663E+3	8.36000E-3
4.80688E+3	8.31000E-3
4.80713E+3	8.32000E-3
4.80738E+3	8.32000E-3
4.80763E+3	8.32000E-3
4.80788E+3	8.32000E-3
4.80813E+3	8.32000E-3
4.80838E+3	8.35000E-3
4.80863E+3	8.36000E-3
4.80888E+3	8.36000E-3
4.80913E+3	8.33000E-3
4.80938E+3	8.33000E-3
4.80963E+3	8.35000E-3
4.80988E+3	8.35000E-3
4.81013E+3	8.36000E-3
4.81038E+3	8.36000E-3
4.81063E+3	8.37000E-3
4.81088E+3	8.30000E-3
4.81113E+3	8.34000E-3
4.81138E+3	8.37000E-3
4.81163E+3	8.39000E-3
4.81188E+3	8.39000E-3
4.81213E+3	8.40000E-3
4.81238E+3	8.40000E-3
4.81263E+3	8.39000E-3
4.81288E+3	8.39000E-3
4.81313E+3	8.39000E-3
4.81338E+3	8.40000E-3
4.81363E+3	8.43000E-3
4.81388E+3	8.43000E-3
4.81413E+3	8.41000E-3
4.81438E+3	8.39000E-3
4.81463E+3	8.40000E-3
4.81488E+3	8.39000E-3
4.81513E+3	8.39000E-3
4.81538E+3	8.39000E-3
4.81563E+3	8.39000E-3
4.81588E+3	8.39000E-3
4.81613E+3	8.39000E-3
4.81638E+3	8.40000E-3
4.81663E+3	8.38000E-3
4.81688E+3	8.41000E-3
4.81713E+3	8.41000E-3
4.81738E+3	8.40000E-3
4.81763E+3	8.41000E-3
4.81788E+3	8.40000E-3
4.81813E+3	8.40000E-3
4.81838E+3	8.41000E-3
4.81863E+3	8.41000E-3
4.81888E+3	8.41000E-3
4.81913E+3	8.43000E-3
4.81938E+3	8.44000E-3
4.81963E+3	8.41000E-3
4.81988E+3	8.41000E-3
4.82013E+3	8.42000E-3
4.82038E+3	8.41000E-3
4.82063E+3	8.43000E-3
4.82088E+3	8.45000E-3
4.82113E+3	8.51000E-3
4.82138E+3	8.47000E-3
4.82163E+3	8.40000E-3
4.82188E+3	8.40000E-3
4.82213E+3	8.49000E-3
4.82238E+3	8.47000E-3
4.82263E+3	8.47000E-3
4.82288E+3	8.46000E-3
4.82313E+3	8.47000E-3
4.82338E+3	8.46000E-3
4.82363E+3	8.47000E-3
4.82388E+3	8.47000E-3
4.82413E+3	8.39000E-3
4.82438E+3	8.39000E-3
4.82463E+3	8.39000E-3
4.82488E+3	8.41000E-3
4.82513E+3	8.27000E-3
4.82538E+3	8.34000E-3
4.82563E+3	8.37000E-3
4.82588E+3	8.40000E-3
4.82613E+3	8.41000E-3
4.82638E+3	8.41000E-3
4.82663E+3	8.44000E-3
4.82688E+3	8.44000E-3
4.82713E+3	8.46000E-3
4.82738E+3	8.46000E-3
4.82763E+3	8.44000E-3
4.82788E+3	8.51000E-3
4.82813E+3	8.47000E-3
4.82838E+3	8.47000E-3
4.82863E+3	8.48000E-3
4.82888E+3	8.37000E-3
4.82913E+3	8.40000E-3
4.82938E+3	8.41000E-3
4.82963E+3	8.46000E-3
4.82988E+3	8.47000E-3
4.83013E+3	8.46000E-3
4.83038E+3	8.47000E-3
4.83063E+3	8.48000E-3
4.83088E+3	8.46000E-3
4.83113E+3	8.47000E-3
4.83138E+3	8.47000E-3
4.83163E+3	8.47000E-3
4.83188E+3	8.50000E-3
4.83213E+3	8.49000E-3
4.83238E+3	8.48000E-3
4.83263E+3	8.47000E-3
4.83288E+3	8.47000E-3
4.83313E+3	8.47000E-3
4.83338E+3	8.48000E-3
4.83363E+3	8.48000E-3
4.83388E+3	8.47000E-3
4.83413E+3	8.40000E-3
4.83438E+3	8.33000E-3
4.83463E+3	8.39000E-3
4.83488E+3	8.43000E-3
4.83513E+3	8.40000E-3
4.83538E+3	8.43000E-3
4.83563E+3	8.47000E-3
4.83588E+3	8.48000E-3
4.83613E+3	8.48000E-3
4.83638E+3	8.47000E-3
4.83663E+3	8.47000E-3
4.83688E+3	8.47000E-3
4.83713E+3	8.49000E-3
4.83738E+3	8.50000E-3
4.83763E+3	8.55000E-3
4.83788E+3	8.53000E-3
4.83813E+3	8.54000E-3
4.83838E+3	8.54000E-3
4.83863E+3	8.55000E-3
4.83888E+3	8.55000E-3
4.83913E+3	8.55000E-3
4.83938E+3	8.54000E-3
4.83963E+3	8.53000E-3
4.83988E+3	8.47000E-3
4.84013E+3	8.49000E-3
4.84038E+3	8.49000E-3
4.84063E+3	8.51000E-3
4.84088E+3	8.51000E-3
4.84113E+3	8.50000E-3
4.84138E+3	8.49000E-3
4.84163E+3	8.49000E-3
4.84188E+3	8.51000E-3
4.84213E+3	8.52000E-3
4.84238E+3	8.48000E-3
4.84263E+3	8.49000E-3
4.84288E+3	8.50000E-3
4.84313E+3	8.51000E-3
4.84338E+3	8.52000E-3
4.84363E+3	8.53000E-3
4.84388E+3	8.55000E-3
4.84413E+3	8.54000E-3
4.84438E+3	8.55000E-3
4.84463E+3	8.54000E-3
4.84488E+3	8.55000E-3
4.84513E+3	8.55000E-3
4.84538E+3	8.54000E-3
4.84563E+3	8.55000E-3
4.84588E+3	8.53000E-3
4.84613E+3	8.57000E-3
4.84638E+3	8.62000E-3
4.84663E+3	8.68000E-3
4.84688E+3	8.69000E-3
4.84713E+3	8.71000E-3
4.84738E+3	8.65000E-3
4.84763E+3	8.75000E-3
4.84788E+3	8.82000E-3
4.84813E+3	8.85000E-3
4.84838E+3	8.90000E-3
4.84863E+3	8.89000E-3
4.84888E+3	8.88000E-3
4.84913E+3	8.82000E-3
4.84938E+3	8.87000E-3
4.84963E+3	8.87000E-3
4.84988E+3	8.87000E-3
4.85013E+3	8.80000E-3
4.85038E+3	8.85000E-3
4.85063E+3	8.83000E-3
4.85088E+3	8.88000E-3
4.85113E+3	8.87000E-3
4.85138E+3	8.87000E-3
4.85163E+3	8.87000E-3
4.85188E+3	8.88000E-3
4.85213E+3	8.89000E-3
4.85238E+3	8.91000E-3
4.85263E+3	8.95000E-3
4.85288E+3	8.93000E-3
4.85313E+3	8.95000E-3
4.85338E+3	8.95000E-3
4.85363E+3	8.95000E-3
4.85388E+3	8.95000E-3
4.85413E+3	8.96000E-3
4.85438E+3	8.93000E-3
4.85463E+3	8.81000E-3
4.85488E+3	8.85000E-3
4.85513E+3	8.88000E-3
4.85538E+3	8.88000E-3
4.85563E+3	8.89000E-3
4.85588E+3	8.91000E-3
4.85613E+3	8.93000E-3
4.85638E+3	8.87000E-3
4.85663E+3	8.90000E-3
4.85688E+3	8.90000E-3
4.85713E+3	8.91000E-3
4.85738E+3	8.91000E-3
4.85763E+3	8.90000E-3
4.85788E+3	8.88000E-3
4.85813E+3	8.80000E-3
4.85838E+3	8.86000E-3
4.85863E+3	8.89000E-3
4.85888E+3	8.92000E-3
4.85913E+3	8.95000E-3
4.85938E+3	8.95000E-3
4.85963E+3	8.97000E-3
4.85988E+3	8.95000E-3
4.86013E+3	8.95000E-3
4.86038E+3	8.88000E-3
4.86063E+3	8.88000E-3
4.86088E+3	8.90000E-3
4.86113E+3	8.94000E-3
4.86138E+3	8.94000E-3
4.86163E+3	8.93000E-3
4.86188E+3	8.95000E-3
4.86213E+3	8.95000E-3
4.86238E+3	8.96000E-3
4.86263E+3	8.96000E-3
4.86288E+3	8.95000E-3
4.86313E+3	8.89000E-3
4.86338E+3	8.89000E-3
4.86363E+3	8.90000E-3
4.86388E+3	9.01000E-3
4.86413E+3	8.98000E-3
4.86438E+3	8.91000E-3
4.86463E+3	8.94000E-3
4.86488E+3	8.95000E-3
4.86513E+3	8.92000E-3
4.86538E+3	8.88000E-3
4.86563E+3	8.88000E-3
4.86588E+3	8.87000E-3
4.86613E+3	8.92000E-3
4.86638E+3	8.96000E-3
4.86663E+3	8.95000E-3
4.86688E+3	8.96000E-3
4.86713E+3	8.96000E-3
4.86738E+3	8.95000E-3
4.86763E+3	8.91000E-3
4.86788E+3	8.95000E-3
4.86813E+3	8.96000E-3
4.86838E+3	8.99000E-3
4.86863E+3	8.98000E-3
4.86888E+3	8.98000E-3
4.86913E+3	8.89000E-3
4.86938E+3	8.76000E-3
4.86963E+3	8.86000E-3
4.86988E+3	8.89000E-3
4.87013E+3	8.93000E-3
4.87038E+3	8.96000E-3
4.87063E+3	8.85000E-3
4.87088E+3	8.89000E-3
4.87113E+3	8.93000E-3
4.87138E+3	8.97000E-3
4.87163E+3	8.98000E-3
4.87188E+3	9.01000E-3
4.87213E+3	9.03000E-3
4.87238E+3	9.04000E-3
4.87263E+3	8.97000E-3
4.87288E+3	8.94000E-3
4.87313E+3	8.95000E-3
4.87338E+3	8.95000E-3
4.87363E+3	8.95000E-3
4.87388E+3	8.96000E-3
4.87413E+3	8.94000E-3
4.87438E+3	8.97000E-3
4.87463E+3	9.02000E-3
4.87488E+3	8.99000E-3
4.87513E+3	8.99000E-3
4.87538E+3	8.96000E-3
4.87563E+3	8.91000E-3
4.87588E+3	8.95000E-3
4.87613E+3	8.96000E-3
4.87638E+3	8.97000E-3
4.87663E+3	8.96000E-3
4.87688E+3	8.90000E-3
4.87713E+3	8.95000E-3
4.87738E+3	8.96000E-3
4.87763E+3	8.97000E-3
4.87788E+3	8.96000E-3
4.87813E+3	8.96000E-3
4.87838E+3	9.01000E-3
4.87863E+3	9.00000E-3
4.87888E+3	9.01000E-3
4.87913E+3	9.01000E-3
4.87938E+3	9.01000E-3
4.87963E+3	9.03000E-3
4.87988E+3	9.03000E-3
4.88013E+3	8.99000E-3
4.88038E+3	9.07000E-3
4.88063E+3	9.05000E-3
4.88088E+3	9.02000E-3
4.88113E+3	9.02000E-3
4.88138E+3	9.02000E-3
4.88163E+3	9.02000E-3
4.88188E+3	8.98000E-3
4.88213E+3	8.99000E-3
4.88238E+3	8.99000E-3
4.88263E+3	8.98000E-3
4.88288E+3	9.01000E-3
4.88313E+3	9.02000E-3
4.88338E+3	9.04000E-3
4.88363E+3	9.04000E-3
4.88388E+3	9.03000E-3
4.88413E+3	9.03000E-3
4.88438E+3	9.03000E-3
4.88463E+3	9.03000E-3
4.88488E+3	9.04000E-3
4.88513E+3	9.03000E-3
4.88538E+3	9.03000E-3
4.88563E+3	8.90000E-3
4.88588E+3	9.02000E-3
4.88613E+3	9.04000E-3
4.88638E+3	9.04000E-3
4.88663E+3	9.03000E-3
4.88688E+3	9.03000E-3
4.88713E+3	9.03000E-3
4.88738E+3	9.04000E-3
4.88763E+3	8.96000E-3
4.88788E+3	8.99000E-3
4.88813E+3	9.04000E-3
4.88838E+3	9.05000E-3
4.88863E+3	9.03000E-3
4.88888E+3	9.08000E-3
4.88913E+3	9.04000E-3
4.88938E+3	9.03000E-3
4.88963E+3	8.93000E-3
4.88988E+3	8.97000E-3
4.89013E+3	8.97000E-3
4.89038E+3	9.00000E-3
4.89063E+3	8.89000E-3
4.89088E+3	8.96000E-3
4.89113E+3	8.99000E-3
4.89138E+3	9.03000E-3
4.89163E+3	9.03000E-3
4.89188E+3	9.03000E-3
4.89213E+3	9.03000E-3
4.89238E+3	9.04000E-3
4.89263E+3	8.92000E-3
4.89288E+3	8.97000E-3
4.89313E+3	8.99000E-3
4.89338E+3	8.99000E-3
4.89363E+3	9.01000E-3
4.89388E+3	9.03000E-3
4.89413E+3	9.04000E-3
4.89438E+3	9.04000E-3
4.89463E+3	9.04000E-3
4.89488E+3	8.95000E-3
4.89513E+3	8.96000E-3
4.89538E+3	9.03000E-3
4.89563E+3	9.03000E-3
4.89588E+3	9.04000E-3
4.89613E+3	9.01000E-3
4.89638E+3	9.07000E-3
4.89663E+3	9.05000E-3
4.89688E+3	9.03000E-3
4.89713E+3	9.03000E-3
4.89738E+3	9.03000E-3
4.89763E+3	9.04000E-3
4.89788E+3	9.09000E-3
4.89813E+3	9.09000E-3
4.89838E+3	9.10000E-3
4.89863E+3	9.05000E-3
4.89888E+3	9.03000E-3
4.89913E+3	9.07000E-3
4.89938E+3	9.04000E-3
4.89963E+3	9.05000E-3
4.89988E+3	9.05000E-3
4.90013E+3	9.04000E-3
4.90038E+3	9.04000E-3
4.90063E+3	9.02000E-3
4.90088E+3	9.04000E-3
4.90113E+3	9.05000E-3
4.90138E+3	9.04000E-3
4.90163E+3	8.99000E-3
4.90188E+3	8.97000E-3
4.90213E+3	9.01000E-3
4.90238E+3	9.07000E-3
4.90263E+3	9.06000E-3
4.90288E+3	9.04000E-3
4.90313E+3	9.05000E-3
4.90338E+3	9.05000E-3
4.90363E+3	9.04000E-3
4.90388E+3	9.04000E-3
4.90413E+3	9.05000E-3
4.90438E+3	9.04000E-3