t			p
3.10559E+3	1.72000E-4
3.10584E+3	1.72000E-4
3.10609E+3	1.72000E-4
3.10634E+3	1.72000E-4
3.10659E+3	1.72000E-4
3.10684E+3	1.72000E-4
3.10709E+3	1.72000E-4
3.10734E+3	1.72000E-4
3.10759E+3	1.72000E-4
3.10784E+3	1.72000E-4
3.10809E+3	1.72000E-4
3.10834E+3	1.72000E-4
3.10859E+3	1.72000E-4
3.10884E+3	1.72000E-4
3.10909E+3	1.72000E-4
3.10934E+3	1.72000E-4
3.10959E+3	1.72000E-4
3.10984E+3	1.72000E-4
3.11009E+3	1.72000E-4
3.11034E+3	1.72000E-4
3.11059E+3	1.72000E-4
3.11084E+3	1.72000E-4
3.11109E+3	1.72000E-4
3.11134E+3	1.72000E-4
3.11159E+3	1.72000E-4
3.11184E+3	1.72000E-4
3.11209E+3	1.72000E-4
3.11234E+3	1.72000E-4
3.11259E+3	1.72000E-4
3.11284E+3	1.72000E-4
3.11309E+3	1.72000E-4
3.11334E+3	1.72000E-4
3.11359E+3	1.72000E-4
3.11384E+3	1.72000E-4
3.11409E+3	1.72000E-4
3.11434E+3	1.72000E-4
3.11459E+3	1.72000E-4
3.11484E+3	1.72000E-4
3.11509E+3	1.72000E-4
3.11534E+3	1.72000E-4
3.11559E+3	1.72000E-4
3.11584E+3	1.72000E-4
3.11609E+3	1.72000E-4
3.11634E+3	1.72000E-4
3.11659E+3	1.72000E-4
3.11684E+3	1.72000E-4
3.11709E+3	1.72000E-4
3.11734E+3	1.72000E-4
3.11759E+3	1.72000E-4
3.11784E+3	1.72000E-4
3.11809E+3	1.72000E-4
3.11834E+3	1.72000E-4
3.11859E+3	1.72000E-4
3.11884E+3	1.72000E-4
3.11909E+3	1.72000E-4
3.11934E+3	1.72000E-4
3.11959E+3	1.72000E-4
3.11984E+3	1.72000E-4
3.12009E+3	1.72000E-4
3.12034E+3	1.72000E-4
3.12059E+3	1.72000E-4
3.12084E+3	1.72000E-4
3.12109E+3	1.72000E-4
3.12134E+3	1.72000E-4
3.12159E+3	1.72000E-4
3.12184E+3	1.72000E-4
3.12209E+3	1.72000E-4
3.12234E+3	1.72000E-4
3.12259E+3	1.72000E-4
3.12284E+3	1.72000E-4
3.12309E+3	1.72000E-4
3.12334E+3	1.72000E-4
3.12359E+3	1.72000E-4
3.12384E+3	1.72000E-4
3.12409E+3	1.72000E-4
3.12434E+3	1.72000E-4
3.12459E+3	1.72000E-4
3.12484E+3	1.72000E-4
3.12509E+3	1.72000E-4
3.12534E+3	1.72000E-4
3.12559E+3	1.72000E-4
3.12584E+3	1.72000E-4
3.12609E+3	1.72000E-4
3.12634E+3	1.72000E-4
3.12659E+3	1.72000E-4
3.12684E+3	1.72000E-4
3.12709E+3	1.72000E-4
3.12734E+3	1.72000E-4
3.12759E+3	1.72000E-4
3.12784E+3	1.72000E-4
3.12809E+3	1.72000E-4
3.12834E+3	1.72000E-4
3.12859E+3	1.72000E-4
3.12884E+3	1.72000E-4
3.12909E+3	1.72000E-4
3.12934E+3	1.72000E-4
3.12959E+3	1.72000E-4
3.12984E+3	1.72000E-4
3.13009E+3	1.72000E-4
3.13034E+3	1.72000E-4
3.13059E+3	1.72000E-4
3.13084E+3	1.72000E-4
3.13109E+3	1.72000E-4
3.13134E+3	1.72000E-4
3.13159E+3	1.72000E-4
3.13184E+3	1.72000E-4
3.13209E+3	1.72000E-4
3.13234E+3	1.72000E-4
3.13259E+3	1.72000E-4
3.13284E+3	1.72000E-4
3.13309E+3	1.72000E-4
3.13334E+3	1.72000E-4
3.13359E+3	1.72000E-4
3.13384E+3	1.72000E-4
3.13409E+3	1.72000E-4
3.13434E+3	1.72000E-4
3.13459E+3	1.72000E-4
3.13484E+3	1.72000E-4
3.13509E+3	1.72000E-4
3.13534E+3	1.72000E-4
3.13559E+3	1.72000E-4
3.13584E+3	1.72000E-4
3.13609E+3	1.72000E-4
3.13634E+3	1.72000E-4
3.13659E+3	1.72000E-4
3.13684E+3	1.72000E-4
3.13709E+3	1.72000E-4
3.13734E+3	1.72000E-4
3.13759E+3	1.72000E-4
3.13784E+3	1.72000E-4
3.13809E+3	1.72000E-4
3.13834E+3	1.72000E-4
3.13859E+3	1.72000E-4
3.13884E+3	1.71000E-4
3.13909E+3	1.71000E-4
3.13934E+3	1.71000E-4
3.13959E+3	1.71000E-4
3.13984E+3	1.71000E-4
3.14009E+3	1.71000E-4
3.14034E+3	1.71000E-4
3.14059E+3	1.71000E-4
3.14084E+3	1.71000E-4
3.14109E+3	1.71000E-4
3.14134E+3	1.71000E-4
3.14159E+3	1.71000E-4
3.14184E+3	1.71000E-4
3.14209E+3	1.71000E-4
3.14234E+3	1.71000E-4
3.14259E+3	1.71000E-4
3.14284E+3	1.71000E-4
3.14309E+3	1.71000E-4
3.14334E+3	1.71000E-4
3.14359E+3	1.71000E-4
3.14384E+3	1.71000E-4
3.14409E+3	1.71000E-4
3.14434E+3	1.71000E-4
3.14459E+3	1.71000E-4
3.14484E+3	1.71000E-4
3.14509E+3	1.71000E-4
3.14534E+3	1.71000E-4
3.14559E+3	1.71000E-4
3.14584E+3	1.71000E-4
3.14609E+3	1.71000E-4
3.14634E+3	1.71000E-4
3.14659E+3	1.71000E-4
3.14684E+3	1.71000E-4
3.14709E+3	1.71000E-4
3.14734E+3	1.71000E-4
3.14759E+3	1.71000E-4
3.14784E+3	1.71000E-4
3.14809E+3	1.71000E-4
3.14834E+3	1.71000E-4
3.14859E+3	1.71000E-4
3.14884E+3	1.71000E-4
3.14909E+3	1.71000E-4
3.14934E+3	1.71000E-4
3.14959E+3	1.71000E-4
3.14984E+3	1.71000E-4
3.15009E+3	1.71000E-4
3.15034E+3	1.71000E-4
3.15059E+3	1.71000E-4
3.15084E+3	1.71000E-4
3.15109E+3	1.71000E-4
3.15134E+3	1.71000E-4
3.15159E+3	1.71000E-4
3.15184E+3	1.71000E-4
3.15209E+3	1.71000E-4
3.15234E+3	1.71000E-4
3.15259E+3	1.71000E-4
3.15284E+3	1.71000E-4
3.15309E+3	1.71000E-4
3.15334E+3	1.71000E-4
3.15359E+3	1.71000E-4
3.15384E+3	1.71000E-4
3.15409E+3	1.71000E-4
3.15434E+3	1.71000E-4
3.15459E+3	1.71000E-4
3.15484E+3	1.71000E-4
3.15509E+3	1.71000E-4
3.15534E+3	1.71000E-4
3.15559E+3	1.71000E-4
3.15584E+3	1.71000E-4
3.15609E+3	1.71000E-4
3.15634E+3	1.71000E-4
3.15659E+3	1.71000E-4
3.15684E+3	1.71000E-4
3.15709E+3	1.71000E-4
3.15734E+3	1.71000E-4
3.15759E+3	1.71000E-4
3.15784E+3	1.71000E-4
3.15809E+3	1.71000E-4
3.15834E+3	1.71000E-4
3.15859E+3	1.71000E-4
3.15884E+3	1.71000E-4
3.15909E+3	1.71000E-4
3.15934E+3	1.71000E-4
3.15959E+3	1.71000E-4
3.15984E+3	1.71000E-4
3.16009E+3	1.71000E-4
3.16034E+3	1.71000E-4
3.16059E+3	1.71000E-4
3.16084E+3	1.71000E-4
3.16109E+3	1.71000E-4
3.16134E+3	1.71000E-4
3.16159E+3	1.71000E-4
3.16184E+3	1.71000E-4
3.16209E+3	1.71000E-4
3.16234E+3	1.71000E-4
3.16259E+3	1.71000E-4
3.16284E+3	1.71000E-4
3.16309E+3	1.71000E-4
3.16334E+3	1.71000E-4
3.16359E+3	1.71000E-4
3.16384E+3	1.71000E-4
3.16409E+3	1.71000E-4
3.16434E+3	1.71000E-4
3.16459E+3	1.71000E-4
3.16484E+3	1.70000E-4
3.16509E+3	1.70000E-4
3.16534E+3	1.70000E-4
3.16559E+3	1.70000E-4
3.16584E+3	1.70000E-4
3.16609E+3	1.70000E-4
3.16634E+3	1.69000E-4
3.16659E+3	1.69000E-4
3.16684E+3	1.69000E-4
3.16709E+3	1.69000E-4
3.16734E+3	1.69000E-4
3.16759E+3	1.69000E-4
3.16784E+3	1.69000E-4
3.16809E+3	1.69000E-4
3.16834E+3	1.69000E-4
3.16859E+3	1.69000E-4
3.16884E+3	1.69000E-4
3.16909E+3	1.69000E-4
3.16934E+3	1.69000E-4
3.16959E+3	1.69000E-4
3.16984E+3	1.69000E-4
3.17009E+3	1.69000E-4
3.17034E+3	1.69000E-4
3.17059E+3	1.69000E-4
3.17084E+3	1.69000E-4
3.17109E+3	1.69000E-4
3.17134E+3	1.69000E-4
3.17159E+3	1.69000E-4
3.17184E+3	1.69000E-4
3.17209E+3	1.69000E-4
3.17234E+3	1.69000E-4
3.17259E+3	1.69000E-4
3.17284E+3	1.69000E-4
3.17309E+3	1.69000E-4
3.17334E+3	1.69000E-4
3.17359E+3	1.69000E-4
3.17384E+3	1.69000E-4
3.17409E+3	1.69000E-4
3.17434E+3	1.69000E-4
3.17459E+3	1.69000E-4
3.17484E+3	1.69000E-4
3.17509E+3	1.69000E-4
3.17534E+3	1.69000E-4
3.17559E+3	1.69000E-4
3.17584E+3	1.69000E-4
3.17609E+3	1.69000E-4
3.17634E+3	1.69000E-4
3.17659E+3	1.69000E-4
3.17684E+3	1.69000E-4
3.17709E+3	1.69000E-4
3.17734E+3	1.69000E-4
3.17759E+3	1.69000E-4
3.17784E+3	1.69000E-4
3.17809E+3	1.69000E-4
3.17834E+3	1.69000E-4
3.17859E+3	1.69000E-4
3.17884E+3	1.69000E-4
3.17909E+3	1.69000E-4
3.17934E+3	1.69000E-4
3.17959E+3	1.69000E-4
3.17984E+3	1.69000E-4
3.18009E+3	1.69000E-4
3.18034E+3	1.69000E-4
3.18059E+3	1.69000E-4
3.18084E+3	1.69000E-4
3.18109E+3	1.69000E-4
3.18134E+3	1.69000E-4
3.18159E+3	1.69000E-4
3.18184E+3	1.69000E-4
3.18209E+3	1.69000E-4
3.18234E+3	1.69000E-4
3.18259E+3	1.69000E-4
3.18284E+3	1.69000E-4
3.18309E+3	1.69000E-4
3.18334E+3	1.69000E-4
3.18359E+3	1.69000E-4
3.18384E+3	1.69000E-4
3.18409E+3	1.69000E-4
3.18434E+3	1.69000E-4
3.18459E+3	1.69000E-4
3.18484E+3	1.69000E-4
3.18509E+3	1.69000E-4
3.18534E+3	1.69000E-4
3.18559E+3	1.69000E-4
3.18584E+3	1.69000E-4
3.18609E+3	1.69000E-4
3.18634E+3	1.69000E-4
3.18659E+3	1.69000E-4
3.18684E+3	1.69000E-4
3.18709E+3	1.69000E-4
3.18734E+3	1.69000E-4
3.18759E+3	1.69000E-4
3.18784E+3	1.69000E-4
3.18809E+3	1.69000E-4
3.18834E+3	1.69000E-4
3.18859E+3	1.75000E-4
3.18884E+3	2.04000E-4
3.18909E+3	2.23000E-4
3.18934E+3	2.39000E-4
3.18959E+3	2.58000E-4
3.18984E+3	2.70000E-4
3.19009E+3	2.81000E-4
3.19034E+3	2.96000E-4
3.19059E+3	3.06000E-4
3.19084E+3	3.16000E-4
3.19109E+3	3.31000E-4
3.19134E+3	3.41000E-4
3.19159E+3	3.50000E-4
3.19184E+3	3.64000E-4
3.19209E+3	3.74000E-4
3.19234E+3	3.83000E-4
3.19259E+3	3.98000E-4
3.19284E+3	4.07000E-4
3.19309E+3	4.17000E-4
3.19334E+3	4.30000E-4
3.19359E+3	4.40000E-4
3.19384E+3	4.49000E-4
3.19409E+3	4.58000E-4
3.19434E+3	4.71000E-4
3.19459E+3	4.80000E-4
3.19484E+3	4.89000E-4
3.19509E+3	5.01000E-4
3.19534E+3	5.10000E-4
3.19559E+3	5.19000E-4
3.19584E+3	5.31000E-4
3.19609E+3	5.39000E-4
3.19634E+3	5.48000E-4
3.19659E+3	5.60000E-4
3.19684E+3	5.68000E-4
3.19709E+3	5.77000E-4
3.19734E+3	5.89000E-4
3.19759E+3	5.98000E-4
3.19784E+3	6.05000E-4
3.19809E+3	6.19000E-4
3.19834E+3	6.28000E-4
3.19859E+3	6.36000E-4
3.19884E+3	6.50000E-4
3.19909E+3	6.58000E-4
3.19934E+3	6.66000E-4
3.19959E+3	6.80000E-4
3.19984E+3	6.89000E-4
3.20009E+3	6.98000E-4
3.20034E+3	7.11000E-4
3.20059E+3	7.20000E-4
3.20084E+3	7.29000E-4
3.20109E+3	7.43000E-4
3.20134E+3	7.51000E-4
3.20159E+3	7.60000E-4
3.20184E+3	7.73000E-4
3.20209E+3	7.83000E-4
3.20234E+3	7.93000E-4
3.20259E+3	8.05000E-4
3.20284E+3	8.14000E-4
3.20309E+3	8.24000E-4
3.20334E+3	8.37000E-4
3.20359E+3	8.46000E-4
3.20384E+3	8.55000E-4
3.20409E+3	8.68000E-4
3.20434E+3	8.77000E-4
3.20459E+3	8.86000E-4
3.20484E+3	8.99000E-4
3.20509E+3	9.08000E-4
3.20534E+3	9.17000E-4
3.20559E+3	9.30000E-4
3.20584E+3	9.39000E-4
3.20609E+3	9.47000E-4
3.20634E+3	9.58000E-4
3.20659E+3	9.67000E-4
3.20684E+3	9.76000E-4
3.20709E+3	9.89000E-4
3.20734E+3	9.98000E-4
3.20759E+3	1.00000E-3
3.20784E+3	1.02000E-3
3.20809E+3	1.03000E-3
3.20834E+3	1.03000E-3
3.20859E+3	1.05000E-3
3.20884E+3	1.06000E-3
3.20909E+3	1.06000E-3
3.20934E+3	1.08000E-3
3.20959E+3	1.08000E-3
3.20984E+3	1.09000E-3
3.21009E+3	1.10000E-3
3.21034E+3	1.11000E-3
3.21059E+3	1.12000E-3
3.21084E+3	1.13000E-3
3.21109E+3	1.14000E-3
3.21134E+3	1.15000E-3
3.21159E+3	1.16000E-3
3.21184E+3	1.17000E-3
3.21209E+3	1.17000E-3
3.21234E+3	1.19000E-3
3.21259E+3	1.20000E-3
3.21284E+3	1.20000E-3
3.21309E+3	1.22000E-3
3.21334E+3	1.22000E-3
3.21359E+3	1.23000E-3
3.21384E+3	1.24000E-3
3.21409E+3	1.25000E-3
3.21434E+3	1.25000E-3
3.21459E+3	1.25000E-3
3.21484E+3	1.26000E-3
3.21509E+3	1.26000E-3
3.21534E+3	1.27000E-3
3.21559E+3	1.28000E-3
3.21584E+3	1.29000E-3
3.21609E+3	1.30000E-3
3.21634E+3	1.31000E-3
3.21659E+3	1.31000E-3
3.21684E+3	1.32000E-3
3.21709E+3	1.33000E-3
3.21734E+3	1.34000E-3
3.21759E+3	1.35000E-3
3.21784E+3	1.36000E-3
3.21809E+3	1.37000E-3
3.21834E+3	1.37000E-3
3.21859E+3	1.38000E-3
3.21884E+3	1.39000E-3
3.21909E+3	1.40000E-3
3.21934E+3	1.41000E-3
3.21959E+3	1.42000E-3
3.21984E+3	1.43000E-3
3.22009E+3	1.44000E-3
3.22034E+3	1.44000E-3
3.22059E+3	1.45000E-3
3.22084E+3	1.46000E-3
3.22109E+3	1.47000E-3
3.22134E+3	1.47000E-3
3.22159E+3	1.49000E-3
3.22184E+3	1.49000E-3
3.22209E+3	1.50000E-3
3.22234E+3	1.51000E-3
3.22259E+3	1.52000E-3
3.22284E+3	1.53000E-3
3.22309E+3	1.53000E-3
3.22334E+3	1.54000E-3
3.22359E+3	1.55000E-3
3.22384E+3	1.56000E-3
3.22409E+3	1.57000E-3
3.22434E+3	1.57000E-3
3.22459E+3	1.58000E-3
3.22484E+3	1.59000E-3
3.22509E+3	1.60000E-3
3.22534E+3	1.61000E-3
3.22559E+3	1.62000E-3
3.22584E+3	1.62000E-3
3.22609E+3	1.63000E-3
3.22634E+3	1.64000E-3
3.22659E+3	1.65000E-3
3.22684E+3	1.66000E-3
3.22709E+3	1.67000E-3
3.22734E+3	1.67000E-3
3.22759E+3	1.68000E-3
3.22784E+3	1.69000E-3
3.22809E+3	1.70000E-3
3.22834E+3	1.71000E-3
3.22859E+3	1.72000E-3
3.22884E+3	1.72000E-3
3.22909E+3	1.74000E-3
3.22934E+3	1.74000E-3
3.22959E+3	1.75000E-3
3.22984E+3	1.76000E-3
3.23009E+3	1.77000E-3
3.23034E+3	1.77000E-3
3.23059E+3	1.79000E-3
3.23084E+3	1.79000E-3
3.23109E+3	1.80000E-3
3.23134E+3	1.81000E-3
3.23159E+3	1.82000E-3
3.23184E+3	1.82000E-3
3.23209E+3	1.84000E-3
3.23234E+3	1.84000E-3
3.23259E+3	1.85000E-3
3.23284E+3	1.85000E-3
3.23309E+3	1.86000E-3
3.23334E+3	1.87000E-3
3.23359E+3	1.88000E-3
3.23384E+3	1.89000E-3
3.23409E+3	1.89000E-3
3.23434E+3	1.89000E-3
3.23459E+3	1.91000E-3
3.23484E+3	1.91000E-3
3.23509E+3	1.92000E-3
3.23534E+3	1.92000E-3
3.23559E+3	1.94000E-3
3.23584E+3	1.94000E-3
3.23609E+3	1.95000E-3
3.23634E+3	1.86000E-3
3.23659E+3	1.71000E-3
3.23684E+3	1.45000E-3
3.23709E+3	1.30000E-3
3.23734E+3	1.15000E-3
3.23759E+3	9.89000E-4
3.23784E+3	8.85000E-4
3.23809E+3	7.94000E-4
3.23834E+3	6.95000E-4
3.23859E+3	6.37000E-4
3.23884E+3	5.91000E-4
3.23909E+3	5.32000E-4
3.23934E+3	4.99000E-4
3.23959E+3	4.72000E-4
3.23984E+3	4.34000E-4
3.24009E+3	4.15000E-4
3.24034E+3	3.95000E-4
3.24059E+3	3.73000E-4
3.24084E+3	3.58000E-4
3.24109E+3	3.46000E-4
3.24134E+3	3.32000E-4
3.24159E+3	3.23000E-4
3.24184E+3	3.16000E-4
3.24209E+3	3.07000E-4
3.24234E+3	3.01000E-4
3.24259E+3	2.96000E-4
3.24284E+3	2.89000E-4
3.24309E+3	2.85000E-4
3.24334E+3	2.81000E-4
3.24359E+3	2.76000E-4
3.24384E+3	2.74000E-4
3.24409E+3	2.71000E-4
3.24434E+3	2.67000E-4
3.24459E+3	2.65000E-4
3.24484E+3	2.63000E-4
3.24509E+3	2.60000E-4
3.24534E+3	2.58000E-4
3.24559E+3	2.56000E-4
3.24584E+3	2.54000E-4
3.24609E+3	2.52000E-4
3.24634E+3	2.51000E-4
3.24659E+3	2.49000E-4
3.24684E+3	2.47000E-4
3.24709E+3	2.46000E-4
3.24734E+3	2.44000E-4
3.24759E+3	2.43000E-4
3.24784E+3	2.42000E-4
3.24809E+3	2.41000E-4
3.24834E+3	2.40000E-4
3.24859E+3	2.38000E-4
3.24884E+3	2.37000E-4
3.24909E+3	2.36000E-4
3.24934E+3	2.35000E-4
3.24959E+3	2.34000E-4
3.24984E+3	2.33000E-4
3.25009E+3	2.32000E-4
3.25034E+3	2.31000E-4
3.25059E+3	2.30000E-4
3.25084E+3	2.29000E-4
3.25109E+3	2.29000E-4
3.25134E+3	2.27000E-4
3.25159E+3	2.27000E-4
3.25184E+3	2.26000E-4
3.25209E+3	2.25000E-4
3.25234E+3	2.25000E-4
3.25259E+3	2.23000E-4
3.25284E+3	2.23000E-4
3.25309E+3	2.22000E-4
3.25334E+3	2.21000E-4
3.25359E+3	2.21000E-4
3.25384E+3	2.20000E-4
3.25409E+3	2.19000E-4
3.25434E+3	2.19000E-4
3.25459E+3	2.18000E-4
3.25484E+3	2.17000E-4
3.25509E+3	2.17000E-4
3.25534E+3	2.17000E-4
3.25559E+3	2.16000E-4
3.25584E+3	2.15000E-4
3.25609E+3	2.15000E-4
3.25634E+3	2.14000E-4
3.25659E+3	2.13000E-4
3.25684E+3	2.13000E-4
3.25709E+3	2.13000E-4
3.25734E+3	2.11000E-4
3.25759E+3	2.11000E-4
3.25784E+3	2.11000E-4
3.25809E+3	2.11000E-4
3.25834E+3	2.09000E-4
3.25859E+3	2.09000E-4
3.25884E+3	2.09000E-4
3.25909E+3	2.09000E-4
3.25934E+3	2.08000E-4
3.25959E+3	2.07000E-4
3.25984E+3	2.07000E-4
3.26009E+3	2.07000E-4
3.26034E+3	2.06000E-4
3.26059E+3	2.05000E-4
3.26084E+3	2.05000E-4
3.26109E+3	2.05000E-4
3.26134E+3	2.05000E-4
3.26159E+3	2.05000E-4
3.26184E+3	2.03000E-4
3.26209E+3	2.03000E-4
3.26234E+3	2.03000E-4
3.26259E+3	2.03000E-4
3.26284E+3	2.03000E-4
3.26309E+3	2.02000E-4
3.26334E+3	2.01000E-4
3.26359E+3	2.01000E-4
3.26384E+3	2.01000E-4
3.26409E+3	2.01000E-4
3.26434E+3	2.01000E-4
3.26459E+3	2.00000E-4
3.26484E+3	1.99000E-4
3.26509E+3	1.99000E-4
3.26534E+3	1.99000E-4
3.26559E+3	1.99000E-4
3.26584E+3	1.99000E-4
3.26609E+3	1.98000E-4
3.26634E+3	1.98000E-4
3.26659E+3	1.98000E-4
3.26684E+3	1.98000E-4
3.26709E+3	1.98000E-4
3.26734E+3	1.98000E-4
3.26759E+3	1.97000E-4
3.26784E+3	1.96000E-4
3.26809E+3	1.96000E-4
3.26834E+3	1.96000E-4
3.26859E+3	1.96000E-4
3.26884E+3	1.96000E-4
3.26909E+3	1.96000E-4
3.26934E+3	1.95000E-4
3.26959E+3	1.94000E-4
3.26984E+3	1.94000E-4
3.27009E+3	1.94000E-4
3.27034E+3	1.94000E-4
3.27059E+3	1.94000E-4
3.27084E+3	1.94000E-4
3.27109E+3	1.94000E-4
3.27134E+3	1.93000E-4
3.27159E+3	1.92000E-4
3.27184E+3	1.92000E-4
3.27209E+3	1.92000E-4
3.27234E+3	1.92000E-4
3.27259E+3	1.92000E-4
3.27284E+3	1.92000E-4
3.27309E+3	1.92000E-4
3.27334E+3	1.92000E-4
3.27359E+3	1.92000E-4
3.27384E+3	1.91000E-4
3.27409E+3	1.90000E-4
3.27434E+3	1.90000E-4
3.27459E+3	1.90000E-4
3.27484E+3	1.90000E-4
3.27509E+3	1.90000E-4
3.27534E+3	1.90000E-4
3.27559E+3	1.90000E-4
3.27584E+3	1.90000E-4
3.27609E+3	1.90000E-4
3.27634E+3	1.89000E-4
3.27659E+3	1.89000E-4
3.27684E+3	1.89000E-4
3.27709E+3	1.89000E-4
3.27734E+3	1.89000E-4
3.27759E+3	1.89000E-4
3.27784E+3	1.89000E-4
3.27809E+3	1.89000E-4
3.27834E+3	1.89000E-4
3.27859E+3	1.88000E-4
3.27884E+3	1.88000E-4
3.27909E+3	1.87000E-4
3.27934E+3	1.87000E-4
3.27959E+3	1.87000E-4
3.27984E+3	1.87000E-4
3.28009E+3	1.87000E-4
3.28034E+3	1.87000E-4
3.28059E+3	1.87000E-4
3.28084E+3	1.87000E-4
3.28109E+3	1.87000E-4
3.28134E+3	1.87000E-4
3.28159E+3	1.87000E-4
3.28184E+3	1.86000E-4
3.28209E+3	1.85000E-4
3.28234E+3	1.85000E-4
3.28259E+3	1.85000E-4
3.28284E+3	1.85000E-4
3.28309E+3	1.85000E-4
3.28334E+3	1.85000E-4
3.28359E+3	1.85000E-4
3.28384E+3	1.85000E-4
3.28409E+3	1.85000E-4
3.28434E+3	1.85000E-4
3.28459E+3	1.85000E-4
3.28484E+3	1.85000E-4
3.28509E+3	1.85000E-4
3.28534E+3	1.84000E-4
3.28559E+3	1.84000E-4
3.28584E+3	1.84000E-4
3.28609E+3	1.84000E-4
3.28634E+3	1.84000E-4
3.28659E+3	1.84000E-4
3.28684E+3	1.84000E-4
3.28709E+3	1.84000E-4
3.28734E+3	1.84000E-4
3.28759E+3	1.84000E-4
3.28784E+3	1.84000E-4
3.28809E+3	1.84000E-4
3.28834E+3	1.84000E-4
3.28859E+3	1.84000E-4
3.28884E+3	1.83000E-4
3.28909E+3	1.82000E-4
3.28934E+3	1.82000E-4
3.28959E+3	1.82000E-4
3.28984E+3	1.82000E-4
3.29009E+3	1.82000E-4
3.29034E+3	1.82000E-4
3.29059E+3	1.82000E-4
3.29084E+3	1.82000E-4
3.29109E+3	1.82000E-4
3.29134E+3	1.82000E-4
3.29159E+3	1.82000E-4
3.29184E+3	1.82000E-4
3.29209E+3	1.82000E-4
3.29234E+3	1.82000E-4
3.29259E+3	1.82000E-4
3.29284E+3	1.82000E-4
3.29309E+3	1.81000E-4
3.29334E+3	1.81000E-4
3.29359E+3	1.80000E-4
3.29384E+3	1.80000E-4
3.29409E+3	1.80000E-4
3.29434E+3	1.80000E-4
3.29459E+3	1.80000E-4
3.29484E+3	1.80000E-4
3.29509E+3	1.80000E-4
3.29534E+3	1.80000E-4
3.29559E+3	1.80000E-4
3.29584E+3	1.80000E-4
3.29609E+3	1.80000E-4
3.29634E+3	1.80000E-4
3.29659E+3	1.80000E-4
3.29684E+3	1.80000E-4
3.29709E+3	1.80000E-4
3.29734E+3	1.80000E-4
3.29759E+3	1.80000E-4
3.29784E+3	1.79000E-4
3.29809E+3	1.79000E-4
3.29834E+3	1.79000E-4
3.29859E+3	1.79000E-4
3.29884E+3	1.79000E-4
3.29909E+3	1.79000E-4
3.29934E+3	1.79000E-4
3.29959E+3	1.79000E-4
3.29984E+3	1.79000E-4
3.30009E+3	1.79000E-4
3.30034E+3	1.79000E-4
3.30059E+3	1.79000E-4
3.30084E+3	1.79000E-4
3.30109E+3	1.79000E-4
3.30134E+3	1.79000E-4
3.30159E+3	1.79000E-4
3.30184E+3	1.79000E-4
3.30209E+3	1.79000E-4
3.30234E+3	1.79000E-4
3.30259E+3	1.79000E-4
3.30284E+3	1.78000E-4
3.30309E+3	1.78000E-4
3.30334E+3	1.77000E-4
3.30359E+3	1.77000E-4
3.30384E+3	1.77000E-4
3.30409E+3	1.77000E-4
3.30434E+3	1.77000E-4
3.30459E+3	1.77000E-4
3.30484E+3	1.77000E-4
3.30509E+3	1.77000E-4
3.30534E+3	1.77000E-4
3.30559E+3	1.77000E-4
3.30584E+3	1.77000E-4
3.30609E+3	1.77000E-4
3.30634E+3	1.77000E-4
3.30659E+3	1.77000E-4
3.30684E+3	1.77000E-4
3.30709E+3	1.77000E-4
3.30734E+3	1.77000E-4
3.30759E+3	1.77000E-4
3.30784E+3	1.77000E-4
3.30809E+3	1.77000E-4
3.30834E+3	1.77000E-4
3.30859E+3	1.77000E-4
3.30884E+3	1.77000E-4
3.30909E+3	1.76000E-4
3.30934E+3	1.75000E-4
3.30959E+3	1.75000E-4
3.30984E+3	1.75000E-4
3.31009E+3	1.75000E-4
3.31034E+3	1.75000E-4
3.31059E+3	1.75000E-4
3.31084E+3	1.75000E-4
3.31109E+3	1.75000E-4
3.31134E+3	1.75000E-4
3.31159E+3	1.75000E-4
3.31184E+3	1.75000E-4
3.31209E+3	1.75000E-4
3.31234E+3	1.75000E-4
3.31259E+3	1.75000E-4
3.31284E+3	1.75000E-4
3.31309E+3	1.75000E-4
3.31334E+3	1.75000E-4
3.31359E+3	1.75000E-4
3.31384E+3	1.75000E-4
3.31409E+3	1.75000E-4
3.31434E+3	1.75000E-4
3.31459E+3	1.75000E-4
3.31484E+3	1.75000E-4
3.31509E+3	1.75000E-4
3.31534E+3	1.75000E-4
3.31559E+3	1.75000E-4
3.31584E+3	1.75000E-4
3.31609E+3	1.75000E-4
3.31634E+3	1.74000E-4
3.31659E+3	1.74000E-4
3.31684E+3	1.74000E-4
3.31709E+3	1.74000E-4
3.31734E+3	1.74000E-4
3.31759E+3	1.74000E-4
3.31784E+3	1.74000E-4
3.31809E+3	1.74000E-4
3.31834E+3	1.74000E-4
3.31859E+3	1.74000E-4
3.31884E+3	1.74000E-4
3.31909E+3	1.74000E-4
3.31934E+3	1.74000E-4
3.31959E+3	1.74000E-4
3.31984E+3	1.74000E-4
3.32009E+3	1.74000E-4
3.32034E+3	1.74000E-4
3.32059E+3	1.74000E-4
3.32084E+3	1.74000E-4
3.32109E+3	1.74000E-4
3.32134E+3	1.74000E-4
3.32159E+3	1.74000E-4
3.32184E+3	1.74000E-4
3.32209E+3	1.74000E-4
3.32234E+3	1.74000E-4
3.32259E+3	1.74000E-4
3.32284E+3	1.74000E-4
3.32309E+3	1.73000E-4
3.32334E+3	1.73000E-4
3.32359E+3	1.73000E-4
3.32384E+3	1.73000E-4
3.32409E+3	1.72000E-4
3.32434E+3	1.72000E-4
3.32459E+3	1.72000E-4
3.32484E+3	1.72000E-4
3.32509E+3	1.72000E-4
3.32534E+3	1.72000E-4
3.32559E+3	1.72000E-4
3.32584E+3	1.72000E-4
3.32609E+3	1.72000E-4
3.32634E+3	1.72000E-4
3.32659E+3	1.72000E-4
3.32684E+3	1.72000E-4
3.32709E+3	1.72000E-4
3.32734E+3	1.72000E-4
3.32759E+3	1.72000E-4
3.32784E+3	1.72000E-4
3.32809E+3	1.72000E-4
3.32834E+3	1.72000E-4
3.32859E+3	1.72000E-4
3.32884E+3	1.72000E-4
3.32909E+3	1.72000E-4
3.32934E+3	1.72000E-4
3.32959E+3	1.72000E-4
3.32984E+3	1.72000E-4
3.33009E+3	1.72000E-4
3.33034E+3	1.72000E-4
3.33059E+3	1.72000E-4
3.33084E+3	1.72000E-4
3.33109E+3	1.72000E-4
3.33134E+3	1.72000E-4
3.33159E+3	1.72000E-4
3.33184E+3	1.72000E-4
3.33209E+3	1.72000E-4
3.33234E+3	1.72000E-4
3.33259E+3	1.72000E-4
3.33284E+3	1.71000E-4
3.33309E+3	1.71000E-4
3.33334E+3	1.71000E-4
3.33359E+3	1.71000E-4
3.33384E+3	1.71000E-4
3.33409E+3	1.71000E-4
3.33434E+3	1.71000E-4
3.33459E+3	1.71000E-4
3.33484E+3	1.71000E-4
3.33509E+3	1.71000E-4
3.33534E+3	1.71000E-4
3.33559E+3	1.71000E-4
3.33584E+3	1.71000E-4
3.33609E+3	1.71000E-4
3.33634E+3	1.71000E-4
3.33659E+3	1.71000E-4
3.33684E+3	1.71000E-4
3.33709E+3	1.71000E-4
3.33734E+3	1.71000E-4
3.33759E+3	1.71000E-4
3.33784E+3	1.71000E-4
3.33809E+3	1.71000E-4
3.33834E+3	1.71000E-4
3.33859E+3	1.71000E-4
3.33884E+3	1.71000E-4
3.33909E+3	1.71000E-4
3.33934E+3	1.71000E-4
3.33959E+3	1.71000E-4
3.33984E+3	1.71000E-4
3.34009E+3	1.71000E-4
3.34034E+3	1.71000E-4
3.34059E+3	1.71000E-4
3.34084E+3	1.71000E-4
3.34109E+3	1.71000E-4
3.34134E+3	1.71000E-4
3.34159E+3	1.71000E-4
3.34184E+3	1.71000E-4
3.34209E+3	1.71000E-4
3.34234E+3	1.71000E-4
3.34259E+3	1.70000E-4
3.34284E+3	1.70000E-4
3.34309E+3	1.70000E-4
3.34334E+3	1.69000E-4
3.34359E+3	1.69000E-4
3.34384E+3	1.69000E-4
3.34409E+3	1.69000E-4
3.34434E+3	1.69000E-4
3.34459E+3	1.69000E-4
3.34484E+3	1.69000E-4
3.34509E+3	1.69000E-4
3.34534E+3	1.69000E-4
3.34559E+3	1.69000E-4
3.34584E+3	1.69000E-4
3.34609E+3	1.69000E-4
3.34634E+3	1.69000E-4
3.34659E+3	1.69000E-4
3.34684E+3	1.69000E-4
3.34709E+3	1.69000E-4
3.34734E+3	1.69000E-4
3.34759E+3	1.69000E-4
3.34784E+3	1.69000E-4
3.34809E+3	1.69000E-4
3.34834E+3	1.69000E-4
3.34859E+3	1.69000E-4
3.34884E+3	1.69000E-4
3.34909E+3	1.69000E-4
3.34934E+3	1.69000E-4
3.34959E+3	1.69000E-4
3.34984E+3	1.69000E-4
3.35009E+3	1.69000E-4
3.35034E+3	1.69000E-4
3.35059E+3	1.69000E-4
3.35084E+3	1.69000E-4
3.35109E+3	1.69000E-4
3.35134E+3	1.69000E-4
3.35159E+3	1.69000E-4
3.35184E+3	1.69000E-4
3.35209E+3	1.69000E-4
3.35234E+3	1.69000E-4
3.35259E+3	1.69000E-4
3.35284E+3	1.69000E-4
3.35309E+3	1.69000E-4
3.35334E+3	1.69000E-4
3.35359E+3	1.69000E-4
3.35384E+3	1.69000E-4
3.35409E+3	1.69000E-4
3.35434E+3	1.69000E-4
3.35459E+3	1.69000E-4
3.35484E+3	1.68000E-4
3.35509E+3	1.68000E-4
3.35534E+3	1.67000E-4
3.35559E+3	1.67000E-4
3.35584E+3	1.67000E-4
3.35609E+3	1.67000E-4
3.35634E+3	1.67000E-4
3.35659E+3	1.67000E-4
3.35684E+3	1.67000E-4
3.35709E+3	1.67000E-4
3.35734E+3	1.67000E-4
3.35759E+3	1.67000E-4
3.35784E+3	1.67000E-4
3.35809E+3	1.67000E-4
3.35834E+3	1.67000E-4
3.35859E+3	1.67000E-4
3.35884E+3	1.67000E-4
3.35909E+3	1.67000E-4
3.35934E+3	1.67000E-4
3.35959E+3	1.67000E-4
3.35984E+3	1.67000E-4
3.36009E+3	1.67000E-4
3.36034E+3	1.67000E-4
3.36059E+3	1.67000E-4
3.36084E+3	1.67000E-4
3.36109E+3	1.67000E-4
3.36134E+3	1.67000E-4
3.36159E+3	1.67000E-4
3.36184E+3	1.67000E-4
3.36209E+3	1.67000E-4
3.36234E+3	1.67000E-4
3.36259E+3	1.67000E-4
3.36284E+3	1.67000E-4
3.36309E+3	1.67000E-4
3.36334E+3	1.67000E-4
3.36359E+3	1.67000E-4
3.36384E+3	1.67000E-4
3.36409E+3	1.67000E-4
3.36434E+3	1.67000E-4
3.36459E+3	1.67000E-4
3.36484E+3	1.67000E-4
3.36509E+3	1.67000E-4
3.36534E+3	1.67000E-4
3.36559E+3	1.67000E-4
3.36584E+3	1.67000E-4
3.36609E+3	1.67000E-4
3.36634E+3	1.67000E-4
3.36659E+3	1.67000E-4
3.36684E+3	1.67000E-4
3.36709E+3	1.67000E-4
3.36734E+3	1.67000E-4
3.36759E+3	1.67000E-4
3.36784E+3	1.67000E-4
3.36809E+3	1.67000E-4
3.36834E+3	1.67000E-4
3.36859E+3	1.67000E-4
3.36884E+3	1.67000E-4
3.36909E+3	1.67000E-4
3.36934E+3	1.67000E-4
3.36959E+3	1.67000E-4
3.36984E+3	1.67000E-4
3.37009E+3	1.67000E-4
3.37034E+3	1.66000E-4
3.37059E+3	1.66000E-4
3.37084E+3	1.66000E-4
3.37109E+3	1.66000E-4
3.37134E+3	1.66000E-4
3.37159E+3	1.66000E-4
3.37184E+3	1.66000E-4
3.37209E+3	1.66000E-4
3.37234E+3	1.66000E-4
3.37259E+3	1.66000E-4
3.37284E+3	1.66000E-4
3.37309E+3	1.66000E-4
3.37334E+3	1.66000E-4
3.37359E+3	1.66000E-4
3.37384E+3	1.66000E-4
3.37409E+3	1.66000E-4
3.37434E+3	1.66000E-4
3.37459E+3	1.66000E-4
3.37484E+3	1.66000E-4
3.37509E+3	1.66000E-4
3.37534E+3	1.66000E-4
3.37559E+3	1.66000E-4
3.37584E+3	1.66000E-4
3.37609E+3	1.66000E-4
3.37634E+3	1.66000E-4
3.37659E+3	1.66000E-4
3.37684E+3	1.66000E-4
3.37709E+3	1.66000E-4
3.37734E+3	1.66000E-4
3.37759E+3	1.66000E-4
3.37784E+3	1.66000E-4
3.37809E+3	1.66000E-4
3.37834E+3	1.66000E-4
3.37859E+3	1.66000E-4
3.37884E+3	1.66000E-4
3.37909E+3	1.66000E-4
3.37934E+3	1.66000E-4
3.37959E+3	1.66000E-4
3.37984E+3	1.66000E-4
3.38009E+3	1.66000E-4
3.38034E+3	1.66000E-4
3.38059E+3	1.66000E-4
3.38084E+3	1.66000E-4
3.38109E+3	1.66000E-4
3.38134E+3	1.66000E-4
3.38159E+3	1.66000E-4
3.38184E+3	1.66000E-4
3.38209E+3	1.66000E-4
3.38234E+3	1.66000E-4
3.38259E+3	1.66000E-4
3.38284E+3	1.66000E-4
3.38309E+3	1.66000E-4
3.38334E+3	1.66000E-4
3.38359E+3	1.66000E-4
3.38384E+3	1.66000E-4
3.38409E+3	1.66000E-4
3.38434E+3	1.65000E-4
3.38459E+3	1.65000E-4
3.38484E+3	1.65000E-4
3.38509E+3	1.64000E-4
3.38534E+3	1.64000E-4
3.38559E+3	1.64000E-4
3.38584E+3	1.64000E-4
3.38609E+3	1.64000E-4
3.38634E+3	1.64000E-4
3.38659E+3	1.64000E-4
3.38684E+3	1.64000E-4
3.38709E+3	1.64000E-4
3.38734E+3	1.64000E-4
3.38759E+3	1.64000E-4
3.38784E+3	1.64000E-4
3.38809E+3	1.64000E-4
3.38834E+3	1.64000E-4
3.38859E+3	1.64000E-4
3.38884E+3	1.64000E-4
3.38909E+3	1.64000E-4
3.38934E+3	1.64000E-4
3.38959E+3	1.64000E-4
3.38984E+3	1.64000E-4
3.39009E+3	1.64000E-4
3.39034E+3	1.64000E-4
3.39059E+3	1.64000E-4
3.39084E+3	1.64000E-4
3.39109E+3	1.64000E-4
3.39134E+3	1.64000E-4
3.39159E+3	1.64000E-4
3.39184E+3	1.64000E-4
3.39209E+3	1.64000E-4
3.39234E+3	1.64000E-4
3.39259E+3	1.64000E-4
3.39284E+3	1.64000E-4
3.39309E+3	1.64000E-4
3.39334E+3	1.64000E-4
3.39359E+3	1.64000E-4
3.39384E+3	1.64000E-4
3.39409E+3	1.64000E-4
3.39434E+3	1.64000E-4
3.39459E+3	1.64000E-4
3.39484E+3	1.64000E-4
3.39509E+3	1.64000E-4
3.39534E+3	1.64000E-4
3.39559E+3	1.64000E-4
3.39584E+3	1.64000E-4
3.39609E+3	1.64000E-4
3.39634E+3	1.64000E-4
3.39659E+3	1.64000E-4
3.39684E+3	1.64000E-4
3.39709E+3	1.64000E-4
3.39734E+3	1.64000E-4
3.39759E+3	1.64000E-4
3.39784E+3	1.64000E-4
3.39809E+3	1.64000E-4
3.39834E+3	1.64000E-4
3.39859E+3	1.64000E-4
3.39884E+3	1.64000E-4
3.39909E+3	1.64000E-4
3.39934E+3	1.64000E-4
3.39959E+3	1.64000E-4
3.39984E+3	1.64000E-4
3.40009E+3	1.64000E-4
3.40034E+3	1.64000E-4
3.40059E+3	1.64000E-4
3.40084E+3	1.64000E-4
3.40109E+3	1.64000E-4
3.40134E+3	1.64000E-4
3.40159E+3	1.64000E-4
3.40184E+3	1.64000E-4
3.40209E+3	1.64000E-4
3.40234E+3	1.64000E-4
3.40259E+3	1.64000E-4
3.40284E+3	1.64000E-4
3.40309E+3	1.64000E-4
3.40334E+3	1.64000E-4
3.40359E+3	1.64000E-4
3.40384E+3	1.64000E-4
3.40409E+3	1.64000E-4
3.40434E+3	1.68000E-4
3.40459E+3	1.90000E-4
3.40484E+3	2.05000E-4
3.40509E+3	2.18000E-4
3.40534E+3	2.35000E-4
3.40559E+3	2.45000E-4
3.40584E+3	2.55000E-4
3.40609E+3	2.68000E-4
3.40634E+3	2.78000E-4
3.40659E+3	2.86000E-4
3.40684E+3	3.00000E-4
3.40709E+3	3.07000E-4
3.40734E+3	3.17000E-4
3.40759E+3	3.29000E-4
3.40784E+3	3.38000E-4
3.40809E+3	3.47000E-4
3.40834E+3	3.59000E-4
3.40859E+3	3.67000E-4
3.40884E+3	3.75000E-4
3.40909E+3	3.87000E-4
3.40934E+3	3.96000E-4
3.40959E+3	4.03000E-4
3.40984E+3	4.16000E-4
3.41009E+3	4.23000E-4
3.41034E+3	4.32000E-4
3.41059E+3	4.39000E-4
3.41084E+3	4.51000E-4
3.41109E+3	4.58000E-4
3.41134E+3	4.66000E-4
3.41159E+3	4.77000E-4
3.41184E+3	4.84000E-4
3.41209E+3	4.91000E-4
3.41234E+3	5.01000E-4
3.41259E+3	5.08000E-4
3.41284E+3	5.15000E-4
3.41309E+3	5.26000E-4
3.41334E+3	5.33000E-4
3.41359E+3	5.40000E-4
3.41384E+3	5.50000E-4
3.41409E+3	5.56000E-4
3.41434E+3	5.63000E-4
3.41459E+3	5.72000E-4
3.41484E+3	5.79000E-4
3.41509E+3	5.86000E-4
3.41534E+3	5.96000E-4
3.41559E+3	6.03000E-4
3.41584E+3	6.10000E-4
3.41609E+3	6.20000E-4
3.41634E+3	6.27000E-4
3.41659E+3	6.33000E-4
3.41684E+3	6.43000E-4
3.41709E+3	6.50000E-4
3.41734E+3	6.57000E-4
3.41759E+3	6.67000E-4
3.41784E+3	6.74000E-4
3.41809E+3	6.80000E-4
3.41834E+3	6.91000E-4
3.41859E+3	6.97000E-4
3.41884E+3	7.04000E-4
3.41909E+3	7.13000E-4
3.41934E+3	7.20000E-4
3.41959E+3	7.27000E-4
3.41984E+3	7.37000E-4
3.42009E+3	7.44000E-4
3.42034E+3	7.50000E-4
3.42059E+3	7.60000E-4
3.42084E+3	7.67000E-4
3.42109E+3	7.74000E-4
3.42134E+3	7.83000E-4
3.42159E+3	7.90000E-4
3.42184E+3	7.97000E-4
3.42209E+3	8.07000E-4
3.42234E+3	8.13000E-4
3.42259E+3	8.19000E-4
3.42284E+3	8.29000E-4
3.42309E+3	8.35000E-4
3.42334E+3	8.42000E-4
3.42359E+3	8.51000E-4
3.42384E+3	8.58000E-4
3.42409E+3	8.65000E-4
3.42434E+3	8.73000E-4
3.42459E+3	8.81000E-4
3.42484E+3	8.86000E-4
3.42509E+3	8.96000E-4
3.42534E+3	9.01000E-4
3.42559E+3	9.08000E-4
3.42584E+3	9.17000E-4
3.42609E+3	9.23000E-4
3.42634E+3	9.30000E-4
3.42659E+3	9.38000E-4
3.42684E+3	9.44000E-4
3.42709E+3	9.48000E-4
3.42734E+3	9.57000E-4
3.42759E+3	9.63000E-4
3.42784E+3	9.68000E-4
3.42809E+3	9.77000E-4
3.42834E+3	9.82000E-4
3.42859E+3	9.88000E-4
3.42884E+3	9.95000E-4
3.42909E+3	1.00000E-3
3.42934E+3	1.01000E-3
3.42959E+3	1.01000E-3
3.42984E+3	1.02000E-3
3.43009E+3	1.02000E-3
3.43034E+3	1.03000E-3
3.43059E+3	1.04000E-3
3.43084E+3	1.04000E-3
3.43109E+3	1.05000E-3
3.43134E+3	1.06000E-3
3.43159E+3	1.06000E-3
3.43184E+3	1.07000E-3
3.43209E+3	1.07000E-3
3.43234E+3	1.08000E-3
3.43259E+3	1.08000E-3
3.43284E+3	1.09000E-3
3.43309E+3	1.10000E-3
3.43334E+3	1.10000E-3
3.43359E+3	1.11000E-3
3.43384E+3	1.11000E-3
3.43409E+3	1.12000E-3
3.43434E+3	1.12000E-3
3.43459E+3	1.13000E-3
3.43484E+3	1.13000E-3
3.43509E+3	1.14000E-3
3.43534E+3	1.15000E-3
3.43559E+3	1.15000E-3
3.43584E+3	1.16000E-3
3.43609E+3	1.16000E-3
3.43634E+3	1.17000E-3
3.43659E+3	1.17000E-3
3.43684E+3	1.18000E-3
3.43709E+3	1.18000E-3
3.43734E+3	1.19000E-3
3.43759E+3	1.19000E-3
3.43784E+3	1.20000E-3
3.43809E+3	1.20000E-3
3.43834E+3	1.21000E-3
3.43859E+3	1.21000E-3
3.43884E+3	1.22000E-3
3.43909E+3	1.22000E-3
3.43934E+3	1.23000E-3
3.43959E+3	1.24000E-3
3.43984E+3	1.24000E-3
3.44009E+3	1.25000E-3
3.44034E+3	1.25000E-3
3.44059E+3	1.25000E-3
3.44084E+3	1.25000E-3
3.44109E+3	1.25000E-3
3.44134E+3	1.25000E-3
3.44159E+3	1.25000E-3
3.44184E+3	1.26000E-3
3.44209E+3	1.26000E-3
3.44234E+3	1.27000E-3
3.44259E+3	1.27000E-3
3.44284E+3	1.27000E-3
3.44309E+3	1.28000E-3
3.44334E+3	1.28000E-3
3.44359E+3	1.29000E-3
3.44384E+3	1.29000E-3
3.44409E+3	1.30000E-3
3.44434E+3	1.30000E-3
3.44459E+3	1.31000E-3
3.44484E+3	1.31000E-3
3.44509E+3	1.32000E-3
3.44534E+3	1.32000E-3
3.44559E+3	1.32000E-3
3.44584E+3	1.33000E-3
3.44609E+3	1.33000E-3
3.44634E+3	1.34000E-3
3.44659E+3	1.32000E-3
3.44684E+3	1.23000E-3
3.44709E+3	1.06000E-3
3.44734E+3	9.55000E-4
3.44759E+3	8.42000E-4
3.44784E+3	7.25000E-4
3.44809E+3	6.55000E-4
3.44834E+3	6.04000E-4
3.44859E+3	5.36000E-4
3.44884E+3	5.00000E-4
3.44909E+3	4.65000E-4
3.44934E+3	4.26000E-4
3.44959E+3	4.02000E-4
3.44984E+3	3.81000E-4
3.45009E+3	3.64000E-4
3.45034E+3	3.42000E-4
3.45059E+3	3.29000E-4
3.45084E+3	3.18000E-4
3.45109E+3	3.05000E-4
3.45134E+3	2.97000E-4
3.45159E+3	2.90000E-4
3.45184E+3	2.81000E-4
3.45209E+3	2.76000E-4
3.45234E+3	2.72000E-4
3.45259E+3	2.66000E-4
3.45284E+3	2.62000E-4
3.45309E+3	2.59000E-4
3.45334E+3	2.54000E-4
3.45359E+3	2.52000E-4
3.45384E+3	2.49000E-4
3.45409E+3	2.46000E-4
3.45434E+3	2.44000E-4
3.45459E+3	2.42000E-4
3.45484E+3	2.39000E-4
3.45509E+3	2.37000E-4
3.45534E+3	2.36000E-4
3.45559E+3	2.33000E-4
3.45584E+3	2.32000E-4
3.45609E+3	2.31000E-4
3.45634E+3	2.29000E-4
3.45659E+3	2.28000E-4
3.45684E+3	2.27000E-4
3.45709E+3	2.25000E-4
3.45734E+3	2.24000E-4
3.45759E+3	2.23000E-4
3.45784E+3	2.21000E-4
3.45809E+3	2.21000E-4
3.45834E+3	2.19000E-4
3.45859E+3	2.19000E-4
3.45884E+3	2.17000E-4
3.45909E+3	2.17000E-4
3.45934E+3	2.16000E-4
3.45959E+3	2.15000E-4
3.45984E+3	2.14000E-4
3.46009E+3	2.13000E-4
3.46034E+3	2.13000E-4
3.46059E+3	2.12000E-4
3.46084E+3	2.11000E-4
3.46109E+3	2.10000E-4
3.46134E+3	2.09000E-4
3.46159E+3	2.09000E-4
3.46184E+3	2.08000E-4
3.46209E+3	2.07000E-4
3.46234E+3	2.07000E-4
3.46259E+3	2.06000E-4
3.46284E+3	2.05000E-4
3.46309E+3	2.05000E-4
3.46334E+3	2.05000E-4
3.46359E+3	2.03000E-4
3.46384E+3	2.03000E-4
3.46409E+3	2.03000E-4
3.46434E+3	2.02000E-4
3.46459E+3	2.01000E-4
3.46484E+3	2.01000E-4
3.46509E+3	2.01000E-4
3.46534E+3	1.99000E-4
3.46559E+3	1.99000E-4
3.46584E+3	1.99000E-4
3.46609E+3	1.99000E-4
3.46634E+3	1.98000E-4
3.46659E+3	1.98000E-4
3.46684E+3	1.98000E-4
3.46709E+3	1.98000E-4
3.46734E+3	1.96000E-4
3.46759E+3	1.96000E-4
3.46784E+3	1.96000E-4
3.46809E+3	1.96000E-4
3.46834E+3	1.95000E-4
3.46859E+3	1.94000E-4
3.46884E+3	1.94000E-4
3.46909E+3	1.94000E-4
3.46934E+3	1.94000E-4
3.46959E+3	1.93000E-4
3.46984E+3	1.92000E-4
3.47009E+3	1.92000E-4
3.47034E+3	1.92000E-4
3.47059E+3	1.92000E-4
3.47084E+3	1.92000E-4
3.47109E+3	1.91000E-4
3.47134E+3	1.90000E-4
3.47159E+3	1.90000E-4
3.47184E+3	1.90000E-4
3.47209E+3	1.90000E-4
3.47234E+3	1.90000E-4
3.47259E+3	1.89000E-4
3.47284E+3	1.89000E-4
3.47309E+3	1.89000E-4
3.47334E+3	1.89000E-4
3.47359E+3	1.88000E-4
3.47384E+3	1.88000E-4
3.47409E+3	1.87000E-4
3.47434E+3	1.87000E-4
3.47459E+3	1.87000E-4
3.47484E+3	1.87000E-4
3.47509E+3	1.87000E-4
3.47534E+3	1.87000E-4
3.47559E+3	1.87000E-4
3.47584E+3	1.86000E-4
3.47609E+3	1.85000E-4
3.47634E+3	1.85000E-4
3.47659E+3	1.85000E-4
3.47684E+3	1.85000E-4
3.47709E+3	1.85000E-4
3.47734E+3	1.85000E-4
3.47759E+3	1.85000E-4
3.47784E+3	1.84000E-4
3.47809E+3	1.84000E-4
3.47834E+3	1.84000E-4
3.47859E+3	1.84000E-4
3.47884E+3	1.84000E-4
3.47909E+3	1.84000E-4
3.47934E+3	1.84000E-4
3.47959E+3	1.84000E-4
3.47984E+3	1.83000E-4
3.48009E+3	1.82000E-4
3.48034E+3	1.82000E-4
3.48059E+3	1.82000E-4
3.48084E+3	1.82000E-4
3.48109E+3	1.82000E-4
3.48134E+3	1.82000E-4
3.48159E+3	1.82000E-4
3.48184E+3	1.82000E-4
3.48209E+3	1.81000E-4
3.48234E+3	1.80000E-4
3.48259E+3	1.80000E-4
3.48284E+3	1.80000E-4
3.48309E+3	1.80000E-4
3.48334E+3	1.80000E-4
3.48359E+3	1.80000E-4
3.48384E+3	1.80000E-4
3.48409E+3	1.80000E-4
3.48434E+3	1.80000E-4
3.48459E+3	1.80000E-4
3.48484E+3	1.79000E-4
3.48509E+3	1.79000E-4
3.48534E+3	1.79000E-4
3.48559E+3	1.79000E-4
3.48584E+3	1.79000E-4
3.48609E+3	1.79000E-4
3.48634E+3	1.79000E-4
3.48659E+3	1.79000E-4
3.48684E+3	1.79000E-4
3.48709E+3	1.79000E-4
3.48734E+3	1.79000E-4
3.48759E+3	1.79000E-4
3.48784E+3	1.78000E-4
3.48809E+3	1.77000E-4
3.48834E+3	1.77000E-4
3.48859E+3	1.77000E-4
3.48884E+3	1.77000E-4
3.48909E+3	1.77000E-4
3.48934E+3	1.77000E-4
3.48959E+3	1.77000E-4
3.48984E+3	1.77000E-4
3.49009E+3	1.77000E-4
3.49034E+3	1.77000E-4
3.49059E+3	1.77000E-4
3.49084E+3	1.77000E-4
3.49109E+3	1.77000E-4
3.49134E+3	1.76000E-4
3.49159E+3	1.75000E-4
3.49184E+3	1.75000E-4
3.49209E+3	1.75000E-4
3.49234E+3	1.75000E-4
3.49259E+3	1.75000E-4
3.49284E+3	1.75000E-4
3.49309E+3	1.75000E-4
3.49334E+3	1.75000E-4
3.49359E+3	1.75000E-4
3.49384E+3	1.75000E-4
3.49409E+3	1.75000E-4
3.49434E+3	1.75000E-4
3.49459E+3	1.75000E-4
3.49484E+3	1.75000E-4
3.49509E+3	1.74000E-4
3.49534E+3	1.74000E-4
3.49559E+3	1.74000E-4
3.49584E+3	1.74000E-4
3.49609E+3	1.74000E-4
3.49634E+3	1.74000E-4
3.49659E+3	1.74000E-4
3.49684E+3	1.74000E-4
3.49709E+3	1.74000E-4
3.49734E+3	1.74000E-4
3.49759E+3	1.74000E-4
3.49784E+3	1.74000E-4
3.49809E+3	1.74000E-4
3.49834E+3	1.74000E-4
3.49859E+3	1.74000E-4
3.49884E+3	1.74000E-4
3.49909E+3	1.73000E-4
3.49934E+3	1.73000E-4
3.49959E+3	1.72000E-4
3.49984E+3	1.72000E-4
3.50009E+3	1.72000E-4
3.50034E+3	1.72000E-4
3.50059E+3	1.72000E-4
3.50084E+3	1.72000E-4
3.50109E+3	1.72000E-4
3.50134E+3	1.72000E-4
3.50159E+3	1.72000E-4
3.50184E+3	1.72000E-4
3.50209E+3	1.72000E-4
3.50234E+3	1.72000E-4
3.50259E+3	1.72000E-4
3.50284E+3	1.72000E-4
3.50309E+3	1.72000E-4
3.50334E+3	1.72000E-4
3.50359E+3	1.72000E-4
3.50384E+3	1.72000E-4
3.50409E+3	1.71000E-4
3.50434E+3	1.71000E-4
3.50459E+3	1.71000E-4
3.50484E+3	1.71000E-4
3.50509E+3	1.71000E-4
3.50534E+3	1.71000E-4
3.50559E+3	1.71000E-4
3.50584E+3	1.71000E-4
3.50609E+3	1.71000E-4
3.50634E+3	1.71000E-4
3.50659E+3	1.71000E-4
3.50684E+3	1.71000E-4
3.50709E+3	1.71000E-4
3.50734E+3	1.71000E-4
3.50759E+3	1.71000E-4
3.50784E+3	1.71000E-4
3.50809E+3	1.71000E-4
3.50834E+3	1.71000E-4
3.50859E+3	1.71000E-4
3.50884E+3	1.71000E-4
3.50909E+3	1.71000E-4
3.50934E+3	1.70000E-4
3.50959E+3	1.70000E-4
3.50984E+3	1.70000E-4
3.51009E+3	1.69000E-4
3.51034E+3	1.69000E-4
3.51059E+3	1.69000E-4
3.51084E+3	1.69000E-4
3.51109E+3	1.69000E-4
3.51134E+3	1.69000E-4
3.51159E+3	1.69000E-4
3.51184E+3	1.69000E-4
3.51209E+3	1.69000E-4
3.51234E+3	1.69000E-4
3.51259E+3	1.69000E-4
3.51284E+3	1.69000E-4
3.51309E+3	1.69000E-4
3.51334E+3	1.69000E-4
3.51359E+3	1.69000E-4
3.51384E+3	1.69000E-4
3.51409E+3	1.69000E-4
3.51434E+3	1.69000E-4
3.51459E+3	1.69000E-4
3.51484E+3	1.69000E-4
3.51509E+3	1.69000E-4
3.51534E+3	1.69000E-4
3.51559E+3	1.69000E-4
3.51584E+3	1.69000E-4
3.51609E+3	1.68000E-4
3.51634E+3	1.67000E-4
3.51659E+3	1.67000E-4
3.51684E+3	1.67000E-4
3.51709E+3	1.67000E-4
3.51734E+3	1.67000E-4
3.51759E+3	1.67000E-4
3.51784E+3	1.67000E-4
3.51809E+3	1.67000E-4
3.51834E+3	1.67000E-4
3.51859E+3	1.67000E-4
3.51884E+3	1.67000E-4
3.51909E+3	1.67000E-4
3.51934E+3	1.67000E-4
3.51959E+3	1.67000E-4
3.51984E+3	1.67000E-4
3.52009E+3	1.67000E-4
3.52034E+3	1.67000E-4
3.52059E+3	1.67000E-4
3.52084E+3	1.67000E-4
3.52109E+3	1.67000E-4
3.52134E+3	1.67000E-4
3.52159E+3	1.67000E-4
3.52184E+3	1.67000E-4
3.52209E+3	1.67000E-4
3.52234E+3	1.67000E-4
3.52259E+3	1.67000E-4
3.52284E+3	1.67000E-4
3.52309E+3	1.67000E-4
3.52334E+3	1.67000E-4
3.52359E+3	1.66000E-4
3.52384E+3	1.66000E-4
3.52409E+3	1.66000E-4
3.52434E+3	1.66000E-4
3.52459E+3	1.66000E-4
3.52484E+3	1.66000E-4
3.52509E+3	1.66000E-4
3.52534E+3	1.66000E-4
3.52559E+3	1.66000E-4
3.52584E+3	1.66000E-4
3.52609E+3	1.66000E-4
3.52634E+3	1.66000E-4
3.52659E+3	1.66000E-4
3.52684E+3	1.66000E-4
3.52709E+3	1.66000E-4
3.52734E+3	1.66000E-4
3.52759E+3	1.66000E-4
3.52784E+3	1.66000E-4
3.52809E+3	1.66000E-4
3.52834E+3	1.66000E-4
3.52859E+3	1.66000E-4
3.52884E+3	1.66000E-4
3.52909E+3	1.66000E-4
3.52934E+3	1.66000E-4
3.52959E+3	1.66000E-4
3.52984E+3	1.66000E-4
3.53009E+3	1.66000E-4
3.53034E+3	1.66000E-4
3.53059E+3	1.66000E-4
3.53084E+3	1.66000E-4
3.53109E+3	1.66000E-4
3.53134E+3	1.66000E-4
3.53159E+3	1.65000E-4
3.53184E+3	1.64000E-4
3.53209E+3	1.64000E-4
3.53234E+3	1.64000E-4
3.53259E+3	1.64000E-4
3.53284E+3	1.64000E-4
3.53309E+3	1.64000E-4
3.53334E+3	1.64000E-4
3.53359E+3	1.64000E-4
3.53384E+3	1.64000E-4
3.53409E+3	1.64000E-4
3.53434E+3	1.64000E-4
3.53459E+3	1.64000E-4
3.53484E+3	1.64000E-4
3.53509E+3	1.64000E-4
3.53534E+3	1.64000E-4
3.53559E+3	1.64000E-4
3.53584E+3	1.64000E-4
3.53609E+3	1.64000E-4
3.53634E+3	1.64000E-4
3.53659E+3	1.64000E-4
3.53684E+3	1.64000E-4
3.53709E+3	1.64000E-4
3.53734E+3	1.64000E-4
3.53759E+3	1.64000E-4
3.53784E+3	1.64000E-4
3.53809E+3	1.64000E-4
3.53834E+3	1.64000E-4
3.53859E+3	1.64000E-4
3.53884E+3	1.64000E-4
3.53909E+3	1.64000E-4
3.53934E+3	1.64000E-4
3.53959E+3	1.64000E-4
3.53984E+3	1.64000E-4
3.54009E+3	1.64000E-4
3.54034E+3	1.64000E-4
3.54059E+3	1.64000E-4
3.54084E+3	1.64000E-4
3.54109E+3	1.64000E-4
3.54134E+3	1.64000E-4
3.54159E+3	1.63000E-4
3.54184E+3	1.63000E-4
3.54209E+3	1.63000E-4
3.54234E+3	1.63000E-4
3.54259E+3	1.63000E-4
3.54284E+3	1.63000E-4
3.54309E+3	1.63000E-4
3.54334E+3	1.63000E-4
3.54359E+3	1.63000E-4
3.54384E+3	1.63000E-4
3.54409E+3	1.63000E-4
3.54434E+3	1.63000E-4
3.54459E+3	1.63000E-4
3.54484E+3	1.63000E-4
3.54509E+3	1.63000E-4
3.54534E+3	1.63000E-4
3.54559E+3	1.63000E-4
3.54584E+3	1.63000E-4
3.54609E+3	1.63000E-4
3.54634E+3	1.63000E-4
3.54659E+3	1.63000E-4
3.54684E+3	1.63000E-4
3.54709E+3	1.63000E-4
3.54734E+3	1.63000E-4
3.54759E+3	1.63000E-4
3.54784E+3	1.63000E-4
3.54809E+3	1.63000E-4
3.54834E+3	1.63000E-4
3.54859E+3	1.63000E-4
3.54884E+3	1.63000E-4
3.54909E+3	1.63000E-4
3.54934E+3	1.63000E-4
3.54959E+3	1.63000E-4
3.54984E+3	1.63000E-4
3.55009E+3	1.63000E-4
3.55034E+3	1.63000E-4
3.55059E+3	1.63000E-4
3.55084E+3	1.63000E-4
3.55109E+3	1.63000E-4
3.55134E+3	1.63000E-4
3.55159E+3	1.63000E-4
3.55184E+3	1.63000E-4
3.55209E+3	1.63000E-4
3.55234E+3	1.63000E-4
3.55259E+3	1.63000E-4
3.55284E+3	1.63000E-4
3.55309E+3	1.63000E-4
3.55334E+3	1.62000E-4
3.55359E+3	1.61000E-4
3.55384E+3	1.61000E-4
3.55409E+3	1.61000E-4
3.55434E+3	1.61000E-4
3.55459E+3	1.61000E-4
3.55484E+3	1.61000E-4
3.55509E+3	1.61000E-4
3.55534E+3	1.61000E-4
3.55559E+3	1.61000E-4
3.55584E+3	1.61000E-4
3.55609E+3	1.61000E-4
3.55634E+3	1.61000E-4
3.55659E+3	1.61000E-4
3.55684E+3	1.61000E-4
3.55709E+3	1.61000E-4
3.55734E+3	1.61000E-4
3.55759E+3	1.61000E-4
3.55784E+3	1.61000E-4
3.55809E+3	1.61000E-4
3.55834E+3	1.61000E-4
3.55859E+3	1.61000E-4
3.55884E+3	1.61000E-4
3.55909E+3	1.61000E-4
3.55934E+3	1.61000E-4
3.55959E+3	1.61000E-4
3.55984E+3	1.61000E-4
3.56009E+3	1.61000E-4
3.56034E+3	1.61000E-4
3.56059E+3	1.61000E-4
3.56084E+3	1.61000E-4
3.56109E+3	1.61000E-4
3.56134E+3	1.61000E-4
3.56159E+3	1.61000E-4
3.56184E+3	1.61000E-4
3.56209E+3	1.61000E-4
3.56234E+3	1.61000E-4
3.56259E+3	1.61000E-4
3.56284E+3	1.61000E-4
3.56309E+3	1.61000E-4
3.56334E+3	1.61000E-4
3.56359E+3	1.61000E-4
3.56384E+3	1.61000E-4
3.56409E+3	1.61000E-4
3.56434E+3	1.61000E-4
3.56459E+3	1.61000E-4
3.56484E+3	1.61000E-4
3.56509E+3	1.61000E-4
3.56534E+3	1.61000E-4
3.56559E+3	1.61000E-4
3.56584E+3	1.61000E-4
3.56609E+3	1.61000E-4
3.56634E+3	1.61000E-4
3.56659E+3	1.60000E-4
3.56684E+3	1.60000E-4
3.56709E+3	1.60000E-4
3.56734E+3	1.60000E-4
3.56759E+3	1.60000E-4
3.56784E+3	1.60000E-4
3.56809E+3	1.60000E-4
3.56834E+3	1.60000E-4
3.56859E+3	1.60000E-4
3.56884E+3	1.60000E-4
3.56909E+3	1.60000E-4
3.56934E+3	1.60000E-4
3.56959E+3	1.60000E-4
3.56984E+3	1.60000E-4
3.57009E+3	1.60000E-4
3.57034E+3	1.60000E-4
3.57059E+3	1.60000E-4
3.57084E+3	1.60000E-4
3.57109E+3	1.60000E-4
3.57134E+3	1.60000E-4
3.57159E+3	1.60000E-4
3.57184E+3	1.60000E-4
3.57209E+3	1.60000E-4
3.57234E+3	1.60000E-4
3.57259E+3	1.60000E-4
3.57284E+3	1.60000E-4
3.57309E+3	1.60000E-4
3.57334E+3	1.60000E-4
3.57359E+3	1.60000E-4
3.57384E+3	1.60000E-4
3.57409E+3	1.60000E-4
3.57434E+3	1.60000E-4
3.57459E+3	1.60000E-4
3.57484E+3	1.60000E-4
3.57509E+3	1.60000E-4
3.57534E+3	1.60000E-4
3.57559E+3	1.60000E-4
3.57584E+3	1.60000E-4
3.57609E+3	1.60000E-4
3.57634E+3	1.60000E-4
3.57659E+3	1.60000E-4
3.57684E+3	1.60000E-4
3.57709E+3	1.60000E-4
3.57734E+3	1.60000E-4
3.57759E+3	1.60000E-4
3.57784E+3	1.60000E-4
3.57809E+3	1.60000E-4
3.57834E+3	1.60000E-4
3.57859E+3	1.60000E-4
3.57884E+3	1.60000E-4
3.57909E+3	1.60000E-4
3.57934E+3	1.60000E-4
3.57959E+3	1.60000E-4
3.57984E+3	1.60000E-4
3.58009E+3	1.60000E-4
3.58034E+3	1.60000E-4
3.58059E+3	1.60000E-4
3.58084E+3	1.60000E-4
3.58109E+3	1.60000E-4
3.58134E+3	3.16000E-13
3.58159E+3	1.60000E-4
3.58184E+3	1.60000E-4
3.58209E+3	1.59000E-4
3.58234E+3	1.59000E-4
3.58259E+3	1.59000E-4
3.58284E+3	1.59000E-4
3.58309E+3	1.58000E-4
3.58334E+3	1.58000E-4
3.58359E+3	1.58000E-4
3.58384E+3	1.58000E-4
3.58409E+3	1.58000E-4
3.58434E+3	1.58000E-4
3.58459E+3	1.58000E-4
3.58484E+3	1.58000E-4
3.58509E+3	1.58000E-4
3.58534E+3	1.58000E-4
3.58559E+3	1.58000E-4
3.58584E+3	1.58000E-4
3.58609E+3	1.58000E-4
3.58634E+3	1.58000E-4
3.58659E+3	1.58000E-4
3.58684E+3	1.58000E-4
3.58709E+3	1.58000E-4
3.58734E+3	1.58000E-4
3.58759E+3	1.58000E-4
3.58784E+3	1.58000E-4
3.58809E+3	1.58000E-4
3.58834E+3	1.58000E-4
3.58859E+3	1.58000E-4
3.58884E+3	1.58000E-4
3.58909E+3	1.58000E-4
3.58934E+3	1.58000E-4
3.58959E+3	1.58000E-4
3.58984E+3	1.58000E-4
3.59009E+3	1.58000E-4
3.59034E+3	1.58000E-4
3.59059E+3	1.58000E-4
3.59084E+3	1.58000E-4
3.59109E+3	1.58000E-4
3.59134E+3	1.58000E-4
3.59159E+3	1.58000E-4
3.59184E+3	1.58000E-4
3.59209E+3	1.58000E-4
3.59234E+3	1.58000E-4
3.59259E+3	1.58000E-4
3.59284E+3	1.58000E-4
3.59309E+3	1.58000E-4
3.59334E+3	1.58000E-4
3.59359E+3	1.58000E-4
3.59384E+3	1.58000E-4
3.59409E+3	1.58000E-4
3.59434E+3	1.58000E-4
3.59459E+3	1.58000E-4
3.59484E+3	1.58000E-4
3.59509E+3	1.58000E-4
3.59534E+3	1.58000E-4
3.59559E+3	1.58000E-4
3.59584E+3	1.58000E-4
3.59609E+3	1.58000E-4
3.59634E+3	1.58000E-4
3.59659E+3	1.58000E-4
3.59684E+3	1.58000E-4
3.59709E+3	1.58000E-4
3.59734E+3	1.58000E-4
3.59759E+3	1.58000E-4
3.59784E+3	1.58000E-4
3.59809E+3	1.58000E-4
3.59834E+3	1.58000E-4
3.59859E+3	1.58000E-4
3.59884E+3	1.58000E-4
3.59909E+3	1.58000E-4
3.59934E+3	1.58000E-4
3.59959E+3	1.58000E-4
3.59984E+3	1.58000E-4
3.60009E+3	1.58000E-4
3.60034E+3	1.58000E-4
3.60059E+3	1.58000E-4
3.60084E+3	1.57000E-4
3.60109E+3	1.57000E-4
3.60134E+3	1.57000E-4
3.60159E+3	1.57000E-4
3.60184E+3	1.57000E-4
3.60209E+3	1.57000E-4
3.60234E+3	1.57000E-4
3.60259E+3	1.57000E-4
3.60284E+3	1.57000E-4
3.60309E+3	1.57000E-4
3.60334E+3	1.57000E-4
3.60359E+3	1.57000E-4
3.60384E+3	1.57000E-4
3.60409E+3	1.57000E-4
3.60434E+3	1.57000E-4
3.60459E+3	1.63000E-4
3.60484E+3	1.82000E-4
3.60509E+3	2.09000E-4
3.60534E+3	2.22000E-4
3.60559E+3	2.36000E-4
3.60584E+3	2.46000E-4
3.60609E+3	2.62000E-4
3.60634E+3	2.71000E-4
3.60659E+3	2.81000E-4
3.60684E+3	2.94000E-4
3.60709E+3	3.03000E-4
3.60734E+3	3.11000E-4
3.60759E+3	3.25000E-4
3.60784E+3	3.33000E-4
3.60809E+3	3.42000E-4
3.60834E+3	3.54000E-4
3.60859E+3	3.63000E-4
3.60884E+3	3.73000E-4
3.60909E+3	3.85000E-4
3.60934E+3	3.94000E-4
3.60959E+3	4.02000E-4
3.60984E+3	4.14000E-4
3.61009E+3	4.23000E-4
3.61034E+3	4.32000E-4
3.61059E+3	4.44000E-4
3.61084E+3	4.53000E-4
3.61109E+3	4.61000E-4
3.61134E+3	4.73000E-4
3.61159E+3	4.82000E-4
3.61184E+3	4.89000E-4
3.61209E+3	5.01000E-4
3.61234E+3	5.08000E-4
3.61259E+3	5.16000E-4
3.61284E+3	5.29000E-4
3.61309E+3	5.36000E-4
3.61334E+3	5.44000E-4
3.61359E+3	5.55000E-4
3.61384E+3	5.62000E-4
3.61409E+3	5.71000E-4
3.61434E+3	5.82000E-4
3.61459E+3	5.90000E-4
3.61484E+3	5.97000E-4
3.61509E+3	6.10000E-4
3.61534E+3	6.18000E-4
3.61559E+3	6.25000E-4
3.61584E+3	6.37000E-4
3.61609E+3	6.45000E-4
3.61634E+3	6.53000E-4
3.61659E+3	6.65000E-4
3.61684E+3	6.74000E-4
3.61709E+3	6.82000E-4
3.61734E+3	6.93000E-4
3.61759E+3	7.01000E-4
3.61784E+3	7.11000E-4
3.61809E+3	7.23000E-4
3.61834E+3	7.32000E-4
3.61859E+3	7.39000E-4
3.61884E+3	7.52000E-4
3.61909E+3	7.61000E-4
3.61934E+3	7.69000E-4
3.61959E+3	7.81000E-4
3.61984E+3	7.89000E-4
3.62009E+3	7.98000E-4
3.62034E+3	8.10000E-4
3.62059E+3	8.18000E-4
3.62084E+3	8.27000E-4
3.62109E+3	8.40000E-4
3.62134E+3	8.48000E-4
3.62159E+3	8.57000E-4
3.62184E+3	8.69000E-4
3.62209E+3	8.78000E-4
3.62234E+3	8.86000E-4
3.62259E+3	8.97000E-4
3.62284E+3	9.06000E-4
3.62309E+3	9.14000E-4
3.62334E+3	9.27000E-4
3.62359E+3	9.34000E-4
3.62384E+3	9.42000E-4
3.62409E+3	9.54000E-4
3.62434E+3	9.63000E-4
3.62459E+3	9.71000E-4
3.62484E+3	9.83000E-4
3.62509E+3	9.91000E-4
3.62534E+3	9.99000E-4
3.62559E+3	1.01000E-3
3.62584E+3	1.02000E-3
3.62609E+3	1.02000E-3
3.62634E+3	1.03000E-3
3.62659E+3	1.04000E-3
3.62684E+3	1.05000E-3
3.62709E+3	1.06000E-3
3.62734E+3	1.07000E-3
3.62759E+3	1.08000E-3
3.62784E+3	1.09000E-3
3.62809E+3	1.10000E-3
3.62834E+3	1.10000E-3
3.62859E+3	1.11000E-3
3.62884E+3	1.12000E-3
3.62909E+3	1.13000E-3
3.62934E+3	1.14000E-3
3.62959E+3	1.15000E-3
3.62984E+3	1.16000E-3
3.63009E+3	1.16000E-3
3.63034E+3	1.17000E-3
3.63059E+3	1.10000E-3
3.63084E+3	9.94000E-4
3.63109E+3	8.47000E-4
3.63134E+3	7.52000E-4
3.63159E+3	6.73000E-4
3.63184E+3	5.86000E-4
3.63209E+3	5.35000E-4
3.63234E+3	4.95000E-4
3.63259E+3	4.40000E-4
3.63284E+3	4.11000E-4
3.63309E+3	3.84000E-4
3.63334E+3	3.53000E-4
3.63359E+3	3.35000E-4
3.63384E+3	3.19000E-4
3.63409E+3	3.01000E-4
3.63434E+3	2.91000E-4
3.63459E+3	2.81000E-4
3.63484E+3	2.70000E-4
3.63509E+3	2.62000E-4
3.63534E+3	2.56000E-4
3.63559E+3	2.49000E-4
3.63584E+3	2.44000E-4
3.63609E+3	2.40000E-4
3.63634E+3	2.35000E-4
3.63659E+3	2.32000E-4
3.63684E+3	2.29000E-4
3.63709E+3	2.25000E-4
3.63734E+3	2.22000E-4
3.63759E+3	2.20000E-4
3.63784E+3	2.17000E-4
3.63809E+3	2.16000E-4
3.63834E+3	2.14000E-4
3.63859E+3	2.12000E-4
3.63884E+3	2.10000E-4
3.63909E+3	2.09000E-4
3.63934E+3	2.07000E-4
3.63959E+3	2.06000E-4
3.63984E+3	2.05000E-4
3.64009E+3	2.03000E-4
3.64034E+3	2.03000E-4
3.64059E+3	2.01000E-4
3.64084E+3	2.01000E-4
3.64109E+3	1.99000E-4
3.64134E+3	1.99000E-4
3.64159E+3	1.98000E-4
3.64184E+3	1.97000E-4
3.64209E+3	1.96000E-4
3.64234E+3	1.96000E-4
3.64259E+3	1.95000E-4
3.64284E+3	1.94000E-4
3.64309E+3	1.94000E-4
3.64334E+3	1.93000E-4
3.64359E+3	1.92000E-4
3.64384E+3	1.92000E-4
3.64409E+3	1.91000E-4
3.64434E+3	1.90000E-4
3.64459E+3	1.90000E-4
3.64484E+3	1.89000E-4
3.64509E+3	1.89000E-4
3.64534E+3	1.89000E-4
3.64559E+3	1.88000E-4
3.64584E+3	1.87000E-4
3.64609E+3	1.87000E-4
3.64634E+3	1.87000E-4
3.64659E+3	1.86000E-4
3.64684E+3	1.85000E-4
3.64709E+3	1.85000E-4
3.64734E+3	1.85000E-4
3.64759E+3	1.85000E-4
3.64784E+3	1.84000E-4
3.64809E+3	1.84000E-4
3.64834E+3	1.84000E-4
3.64859E+3	1.83000E-4
3.64884E+3	1.82000E-4
3.64909E+3	1.82000E-4
3.64934E+3	1.82000E-4
3.64959E+3	1.82000E-4
3.64984E+3	1.82000E-4
3.65009E+3	1.80000E-4
3.65034E+3	1.80000E-4
3.65059E+3	1.80000E-4
3.65084E+3	1.80000E-4
3.65109E+3	1.80000E-4
3.65134E+3	1.80000E-4
3.65159E+3	1.79000E-4
3.65184E+3	1.79000E-4
3.65209E+3	1.79000E-4
3.65234E+3	1.79000E-4
3.65259E+3	1.78000E-4
3.65284E+3	1.78000E-4
3.65309E+3	1.77000E-4
3.65334E+3	1.77000E-4
3.65359E+3	1.77000E-4
3.65384E+3	1.77000E-4
3.65409E+3	1.77000E-4
3.65434E+3	1.77000E-4
3.65459E+3	1.76000E-4
3.65484E+3	1.75000E-4
3.65509E+3	1.75000E-4
3.65534E+3	1.75000E-4
3.65559E+3	1.75000E-4
3.65584E+3	1.75000E-4
3.65609E+3	1.75000E-4
3.65634E+3	1.75000E-4
3.65659E+3	1.74000E-4
3.65684E+3	1.74000E-4
3.65709E+3	1.74000E-4
3.65734E+3	1.74000E-4
3.65759E+3	1.74000E-4
3.65784E+3	1.74000E-4
3.65809E+3	1.74000E-4
3.65834E+3	1.73000E-4
3.65859E+3	1.73000E-4
3.65884E+3	1.72000E-4
3.65909E+3	1.72000E-4
3.65960E+3	1.72000E-4
3.65960E+3	1.72000E-4
3.65985E+3	1.72000E-4
3.66010E+3	1.72000E-4
3.66035E+3	1.72000E-4
3.66060E+3	1.72000E-4
3.66085E+3	1.72000E-4
3.66110E+3	1.72000E-4
3.66135E+3	1.71000E-4
3.66160E+3	1.71000E-4
3.66185E+3	1.71000E-4
3.66210E+3	1.71000E-4
3.66235E+3	1.71000E-4
3.66260E+3	1.71000E-4
3.66285E+3	1.71000E-4
3.66310E+3	1.71000E-4
3.66335E+3	1.71000E-4
3.66360E+3	1.71000E-4
3.66385E+3	1.70000E-4
3.66410E+3	1.70000E-4
3.66435E+3	1.69000E-4
3.66460E+3	1.69000E-4
3.66485E+3	1.69000E-4
3.66510E+3	1.69000E-4
3.66535E+3	1.69000E-4
3.66560E+3	1.69000E-4
3.66585E+3	1.69000E-4
3.66610E+3	1.69000E-4
3.66635E+3	1.69000E-4
3.66660E+3	1.69000E-4
3.66685E+3	1.69000E-4
3.66710E+3	1.69000E-4
3.66735E+3	1.69000E-4
3.66760E+3	1.68000E-4
3.66785E+3	1.68000E-4
3.66810E+3	1.67000E-4
3.66835E+3	1.67000E-4
3.66860E+3	1.67000E-4
3.66885E+3	1.67000E-4
3.66910E+3	1.67000E-4
3.66935E+3	1.67000E-4
3.66960E+3	1.67000E-4
3.66985E+3	1.67000E-4
3.67010E+3	1.67000E-4
3.67035E+3	1.67000E-4
3.67060E+3	1.67000E-4
3.67085E+3	1.67000E-4
3.67110E+3	1.67000E-4
3.67135E+3	1.67000E-4
3.67160E+3	1.67000E-4
3.67185E+3	1.66000E-4
3.67210E+3	1.66000E-4
3.67235E+3	1.66000E-4
3.67260E+3	1.66000E-4
3.67285E+3	1.66000E-4
3.67310E+3	1.66000E-4
3.67335E+3	1.66000E-4
3.67360E+3	1.66000E-4
3.67385E+3	1.66000E-4
3.67410E+3	1.66000E-4
3.67435E+3	1.66000E-4
3.67460E+3	1.66000E-4
3.67485E+3	1.66000E-4
3.67510E+3	1.66000E-4
3.67535E+3	1.66000E-4
3.67560E+3	1.66000E-4
3.67585E+3	1.66000E-4
3.67610E+3	1.66000E-4
3.67635E+3	1.65000E-4
3.67660E+3	1.64000E-4
3.67685E+3	1.64000E-4
3.67710E+3	1.64000E-4
3.67735E+3	1.64000E-4
3.67760E+3	1.64000E-4
3.67785E+3	1.64000E-4
3.67810E+3	1.64000E-4
3.67835E+3	1.64000E-4
3.67860E+3	1.64000E-4
3.67885E+3	1.64000E-4
3.67910E+3	1.64000E-4
3.67935E+3	1.64000E-4
3.67960E+3	1.64000E-4
3.67985E+3	1.64000E-4
3.68010E+3	1.64000E-4
3.68035E+3	1.64000E-4
3.68060E+3	1.64000E-4
3.68085E+3	1.64000E-4
3.68110E+3	1.64000E-4
3.68135E+3	1.64000E-4
3.68160E+3	1.63000E-4
3.68185E+3	1.63000E-4
3.68210E+3	1.63000E-4
3.68235E+3	1.63000E-4
3.68260E+3	1.63000E-4
3.68285E+3	1.63000E-4
3.68310E+3	1.63000E-4
3.68335E+3	1.63000E-4
3.68360E+3	1.63000E-4
3.68385E+3	1.63000E-4
3.68410E+3	1.63000E-4
3.68435E+3	1.63000E-4
3.68460E+3	1.63000E-4
3.68485E+3	1.63000E-4
3.68510E+3	1.63000E-4
3.68535E+3	1.63000E-4
3.68560E+3	1.63000E-4
3.68585E+3	1.63000E-4
3.68610E+3	1.63000E-4
3.68635E+3	1.63000E-4
3.68660E+3	1.63000E-4
3.68685E+3	1.63000E-4
3.68710E+3	1.63000E-4
3.68735E+3	1.63000E-4
3.68760E+3	1.62000E-4
3.68785E+3	1.62000E-4
3.68810E+3	1.61000E-4
3.68835E+3	1.61000E-4
3.68860E+3	1.61000E-4
3.68885E+3	1.61000E-4
3.68911E+3	1.61000E-4
3.68936E+3	1.61000E-4
3.68961E+3	1.61000E-4
3.68986E+3	1.61000E-4
3.69011E+3	1.61000E-4
3.69036E+3	1.61000E-4
3.69061E+3	1.61000E-4
3.69086E+3	1.61000E-4
3.69111E+3	1.61000E-4
3.69136E+3	1.61000E-4
3.69161E+3	1.61000E-4
3.69186E+3	1.61000E-4
3.69211E+3	1.61000E-4
3.69236E+3	1.61000E-4
3.69261E+3	1.61000E-4
3.69286E+3	1.61000E-4
3.69311E+3	1.61000E-4
3.69336E+3	1.61000E-4
3.69361E+3	1.61000E-4
3.69386E+3	1.61000E-4
3.69411E+3	1.61000E-4
3.69436E+3	1.61000E-4
3.69461E+3	1.61000E-4
3.69486E+3	1.61000E-4
3.69511E+3	1.60000E-4
3.69536E+3	1.60000E-4
3.69561E+3	1.60000E-4
3.69586E+3	1.60000E-4
3.69611E+3	1.60000E-4
3.69636E+3	1.60000E-4
3.69661E+3	1.60000E-4
3.69686E+3	1.60000E-4
3.69711E+3	1.60000E-4
3.69736E+3	1.60000E-4
3.69761E+3	1.60000E-4
3.69786E+3	1.60000E-4
3.69811E+3	1.60000E-4
3.69836E+3	1.60000E-4
3.69861E+3	1.60000E-4
3.69886E+3	1.60000E-4
3.69911E+3	1.60000E-4
3.69936E+3	1.60000E-4
3.69961E+3	1.60000E-4
3.69986E+3	3.16000E-13
3.70011E+3	1.60000E-4
3.70036E+3	1.60000E-4
3.70061E+3	1.60000E-4
3.70086E+3	1.60000E-4
3.70111E+3	1.60000E-4
3.70136E+3	1.60000E-4
3.70161E+3	1.60000E-4
3.70186E+3	1.60000E-4
3.70211E+3	1.60000E-4
3.70236E+3	1.60000E-4
3.70261E+3	1.60000E-4
3.70286E+3	1.60000E-4
3.70311E+3	1.60000E-4
3.70336E+3	1.59000E-4
3.70361E+3	1.59000E-4
3.70386E+3	1.58000E-4
3.70411E+3	1.58000E-4
3.70436E+3	1.58000E-4
3.70461E+3	1.58000E-4
3.70486E+3	1.58000E-4
3.70511E+3	1.58000E-4
3.70536E+3	1.58000E-4
3.70561E+3	1.58000E-4
3.70586E+3	1.58000E-4
3.70611E+3	1.58000E-4
3.70636E+3	1.58000E-4
3.70661E+3	1.58000E-4
3.70686E+3	1.58000E-4
3.70711E+3	1.58000E-4
3.70736E+3	1.58000E-4
3.70761E+3	1.58000E-4
3.70786E+3	1.58000E-4
3.70811E+3	1.58000E-4
3.70836E+3	1.58000E-4
3.70861E+3	1.58000E-4
3.70886E+3	1.58000E-4
3.70911E+3	1.58000E-4
3.70936E+3	1.58000E-4
3.70961E+3	1.58000E-4
3.70986E+3	1.58000E-4
3.71011E+3	1.58000E-4
3.71036E+3	1.58000E-4
3.71061E+3	1.58000E-4
3.71086E+3	1.58000E-4
3.71111E+3	1.58000E-4
3.71136E+3	1.58000E-4
3.71161E+3	1.58000E-4
3.71186E+3	1.58000E-4
3.71211E+3	1.58000E-4
3.71236E+3	1.58000E-4
3.71261E+3	1.58000E-4
3.71286E+3	1.58000E-4
3.71311E+3	1.57000E-4
3.71336E+3	1.57000E-4
3.71361E+3	1.57000E-4
3.71386E+3	1.57000E-4
3.71411E+3	1.57000E-4
3.71436E+3	1.57000E-4
3.71461E+3	1.57000E-4
3.71486E+3	1.57000E-4
3.71511E+3	1.57000E-4
3.71536E+3	1.57000E-4
3.71561E+3	1.57000E-4
3.71586E+3	1.57000E-4
3.71611E+3	1.57000E-4
3.71636E+3	1.57000E-4
3.71661E+3	1.57000E-4
3.71686E+3	1.57000E-4
3.71711E+3	1.57000E-4
3.71736E+3	1.57000E-4
3.71761E+3	1.57000E-4
3.71786E+3	1.57000E-4
3.71811E+3	1.57000E-4
3.71836E+3	1.57000E-4
3.71861E+3	1.57000E-4
3.71886E+3	1.57000E-4
3.71911E+3	1.57000E-4
3.71936E+3	1.57000E-4
3.71961E+3	1.57000E-4
3.71986E+3	1.57000E-4
3.72011E+3	1.57000E-4
3.72036E+3	1.57000E-4
3.72061E+3	1.57000E-4
3.72086E+3	1.57000E-4
3.72111E+3	1.57000E-4
3.72136E+3	1.57000E-4
3.72161E+3	1.57000E-4
3.72186E+3	1.57000E-4
3.72211E+3	1.57000E-4
3.72236E+3	1.57000E-4
3.72261E+3	1.57000E-4
3.72286E+3	1.57000E-4
3.72311E+3	1.57000E-4
3.72336E+3	1.57000E-4
3.72361E+3	1.57000E-4
3.72386E+3	1.57000E-4
3.72411E+3	1.57000E-4
3.72436E+3	1.57000E-4
3.72461E+3	1.57000E-4
3.72486E+3	1.56000E-4
3.72511E+3	1.56000E-4
3.72536E+3	1.56000E-4
3.72561E+3	1.56000E-4
3.72586E+3	1.56000E-4
3.72611E+3	1.56000E-4
3.72636E+3	1.56000E-4
3.72661E+3	1.56000E-4
3.72686E+3	1.56000E-4
3.72711E+3	1.56000E-4
3.72736E+3	1.56000E-4
3.72761E+3	1.56000E-4
3.72786E+3	1.56000E-4
3.72811E+3	1.56000E-4
3.72836E+3	1.56000E-4
3.72861E+3	1.56000E-4
3.72886E+3	1.56000E-4
3.72911E+3	1.56000E-4
3.72936E+3	1.56000E-4
3.72961E+3	1.56000E-4
3.72986E+3	1.56000E-4
3.73011E+3	1.56000E-4
3.73036E+3	1.56000E-4
3.73061E+3	1.56000E-4
3.73086E+3	1.56000E-4
3.73111E+3	1.56000E-4
3.73136E+3	1.56000E-4
3.73161E+3	1.56000E-4
3.73186E+3	1.56000E-4
3.73211E+3	1.56000E-4
3.73236E+3	1.56000E-4
3.73261E+3	1.56000E-4
3.73286E+3	1.56000E-4
3.73311E+3	1.56000E-4
3.73336E+3	1.56000E-4
3.73361E+3	1.56000E-4
3.73386E+3	1.56000E-4
3.73411E+3	1.56000E-4
3.73436E+3	1.56000E-4
3.73461E+3	1.56000E-4
3.73486E+3	1.56000E-4
3.73511E+3	1.56000E-4
3.73536E+3	1.56000E-4
3.73561E+3	1.56000E-4
3.73586E+3	1.56000E-4
3.73611E+3	1.56000E-4
3.73636E+3	1.56000E-4
3.73661E+3	1.56000E-4
3.73686E+3	1.56000E-4
3.73711E+3	1.56000E-4
3.73736E+3	1.56000E-4
3.73761E+3	1.56000E-4
3.73786E+3	1.56000E-4
3.73811E+3	1.55000E-4
3.73836E+3	1.55000E-4
3.73861E+3	1.55000E-4
3.73886E+3	1.55000E-4
3.73911E+3	1.54000E-4
3.73936E+3	1.54000E-4
3.73961E+3	1.54000E-4
3.73986E+3	1.54000E-4
3.74011E+3	1.54000E-4
3.74036E+3	1.54000E-4
3.74061E+3	1.54000E-4
3.74086E+3	1.54000E-4
3.74111E+3	1.54000E-4
3.74136E+3	1.54000E-4
3.74161E+3	1.54000E-4
3.74186E+3	1.54000E-4
3.74211E+3	1.54000E-4
3.74236E+3	1.54000E-4
3.74261E+3	1.54000E-4
3.74286E+3	1.54000E-4
3.74311E+3	1.54000E-4
3.74336E+3	1.54000E-4
3.74361E+3	1.54000E-4
3.74386E+3	1.54000E-4
3.74411E+3	1.54000E-4
3.74436E+3	1.54000E-4
3.74461E+3	1.54000E-4
3.74486E+3	1.54000E-4
3.74511E+3	1.54000E-4
3.74536E+3	1.54000E-4
3.74561E+3	1.54000E-4
3.74586E+3	1.54000E-4
3.74611E+3	1.54000E-4
3.74636E+3	1.54000E-4
3.74661E+3	1.54000E-4
3.74686E+3	1.54000E-4
3.74711E+3	1.54000E-4
3.74736E+3	1.54000E-4
3.74761E+3	1.54000E-4
3.74786E+3	1.54000E-4
3.74811E+3	1.54000E-4
3.74836E+3	1.54000E-4
3.74861E+3	1.54000E-4
3.74886E+3	1.54000E-4
3.74911E+3	1.54000E-4
3.74936E+3	1.54000E-4
3.74961E+3	1.54000E-4
3.74986E+3	1.54000E-4
3.75011E+3	1.54000E-4
3.75036E+3	1.54000E-4
3.75061E+3	1.54000E-4
3.75086E+3	1.54000E-4
3.75111E+3	1.54000E-4
3.75136E+3	1.54000E-4
3.75161E+3	1.54000E-4
3.75186E+3	1.54000E-4
3.75211E+3	1.54000E-4
3.75236E+3	1.54000E-4
3.75261E+3	1.54000E-4
3.75286E+3	1.54000E-4
3.75311E+3	1.54000E-4
3.75336E+3	1.54000E-4
3.75361E+3	1.54000E-4
3.75386E+3	1.54000E-4
3.75411E+3	1.54000E-4
3.75436E+3	1.54000E-4
3.75461E+3	1.54000E-4
3.75486E+3	1.54000E-4
3.75511E+3	1.54000E-4
3.75536E+3	1.54000E-4
3.75561E+3	1.54000E-4
3.75586E+3	1.54000E-4
3.75611E+3	1.53000E-4
3.75636E+3	1.53000E-4
3.75661E+3	1.53000E-4
3.75686E+3	1.53000E-4
3.75711E+3	1.53000E-4
3.75736E+3	1.53000E-4
3.75761E+3	1.53000E-4
3.75786E+3	1.53000E-4
3.75811E+3	1.53000E-4
3.75836E+3	1.53000E-4
3.75861E+3	1.53000E-4
3.75886E+3	1.53000E-4
3.75911E+3	1.53000E-4
3.75936E+3	1.53000E-4
3.75961E+3	1.53000E-4
3.75986E+3	1.53000E-4
3.76011E+3	1.53000E-4
3.76036E+3	1.53000E-4
3.76061E+3	1.53000E-4
3.76086E+3	1.53000E-4
3.76111E+3	1.53000E-4
3.76136E+3	1.53000E-4
3.76161E+3	1.53000E-4
3.76186E+3	1.53000E-4
3.76211E+3	1.53000E-4
3.76236E+3	1.53000E-4
3.76261E+3	1.53000E-4
3.76286E+3	1.53000E-4
3.76311E+3	1.53000E-4
3.76336E+3	1.53000E-4
3.76361E+3	1.53000E-4
3.76386E+3	1.53000E-4
3.76411E+3	1.53000E-4
3.76436E+3	1.53000E-4
3.76461E+3	1.53000E-4
3.76486E+3	1.53000E-4
3.76511E+3	1.53000E-4
3.76536E+3	1.53000E-4
3.76561E+3	1.53000E-4
3.76586E+3	1.53000E-4
3.76611E+3	1.53000E-4
3.76636E+3	1.53000E-4
3.76661E+3	1.53000E-4
3.76686E+3	1.53000E-4
3.76711E+3	1.53000E-4
3.76736E+3	1.53000E-4
3.76761E+3	1.53000E-4
3.76786E+3	1.53000E-4
3.76811E+3	1.53000E-4
3.76836E+3	1.53000E-4
3.76861E+3	1.53000E-4
3.76886E+3	1.53000E-4
3.76911E+3	1.53000E-4
3.76936E+3	1.53000E-4
3.76961E+3	1.53000E-4
3.76986E+3	1.53000E-4
3.77011E+3	1.53000E-4
3.77036E+3	1.53000E-4
3.77061E+3	1.53000E-4
3.77086E+3	1.53000E-4
3.77111E+3	1.53000E-4
3.77136E+3	1.53000E-4
3.77161E+3	1.53000E-4
3.77186E+3	1.53000E-4
3.77211E+3	1.53000E-4
3.77236E+3	1.53000E-4
3.77261E+3	1.53000E-4
3.77286E+3	1.53000E-4
3.77311E+3	1.53000E-4
3.77336E+3	1.53000E-4
3.77361E+3	1.53000E-4
3.77386E+3	1.53000E-4
3.77411E+3	1.53000E-4
3.77436E+3	1.53000E-4
3.77461E+3	1.53000E-4
3.77486E+3	1.53000E-4
3.77511E+3	1.53000E-4
3.77536E+3	1.53000E-4
3.77561E+3	1.53000E-4
3.77586E+3	1.52000E-4
3.77611E+3	1.52000E-4
3.77636E+3	1.52000E-4
3.77661E+3	1.52000E-4
3.77686E+3	1.51000E-4
3.77711E+3	1.51000E-4
3.77736E+3	1.51000E-4
3.77761E+3	1.51000E-4
3.77786E+3	1.51000E-4
3.77811E+3	1.51000E-4
3.77836E+3	1.51000E-4
3.77861E+3	1.51000E-4
3.77886E+3	1.51000E-4
3.77911E+3	1.51000E-4
3.77936E+3	1.51000E-4
3.77961E+3	1.51000E-4
3.77986E+3	1.51000E-4
3.78011E+3	1.51000E-4
3.78036E+3	1.51000E-4
3.78061E+3	1.51000E-4
3.78086E+3	1.51000E-4
3.78111E+3	1.51000E-4
3.78136E+3	1.51000E-4
3.78161E+3	1.51000E-4
3.78186E+3	1.51000E-4
3.78211E+3	1.51000E-4
3.78236E+3	1.51000E-4
3.78261E+3	1.51000E-4
3.78286E+3	1.51000E-4
3.78311E+3	1.51000E-4
3.78336E+3	1.51000E-4
3.78361E+3	1.51000E-4
3.78386E+3	1.51000E-4
3.78411E+3	1.51000E-4
3.78436E+3	1.51000E-4
3.78461E+3	1.51000E-4
3.78486E+3	1.51000E-4
3.78511E+3	1.51000E-4
3.78536E+3	1.51000E-4
3.78561E+3	1.51000E-4
3.78586E+3	1.51000E-4
3.78611E+3	1.51000E-4
3.78636E+3	1.51000E-4
3.78661E+3	1.51000E-4
3.78686E+3	1.51000E-4
3.78711E+3	1.51000E-4
3.78736E+3	1.51000E-4
3.78761E+3	1.51000E-4
3.78786E+3	1.51000E-4
3.78811E+3	1.51000E-4
3.78836E+3	1.51000E-4
3.78861E+3	1.51000E-4
3.78886E+3	1.51000E-4
3.78911E+3	1.51000E-4
3.78936E+3	1.51000E-4
3.78961E+3	1.51000E-4
3.78986E+3	1.51000E-4
3.79011E+3	1.51000E-4
3.79036E+3	1.51000E-4
3.79061E+3	1.51000E-4
3.79086E+3	1.51000E-4
3.79111E+3	1.51000E-4
3.79136E+3	1.51000E-4
3.79161E+3	1.51000E-4
3.79186E+3	1.51000E-4
3.79211E+3	1.51000E-4
3.79236E+3	1.51000E-4
3.79261E+3	1.51000E-4
3.79286E+3	1.51000E-4
3.79311E+3	1.51000E-4
3.79336E+3	1.51000E-4
3.79361E+3	1.51000E-4
3.79386E+3	1.51000E-4
3.79411E+3	1.51000E-4
3.79436E+3	1.51000E-4
3.79461E+3	1.51000E-4
3.79486E+3	1.51000E-4
3.79511E+3	1.51000E-4
3.79536E+3	1.51000E-4
3.79561E+3	1.51000E-4
3.79586E+3	1.51000E-4
3.79611E+3	1.51000E-4
3.79636E+3	1.51000E-4
3.79661E+3	1.51000E-4
3.79686E+3	1.51000E-4
3.79711E+3	1.51000E-4
3.79736E+3	1.51000E-4
3.79761E+3	1.51000E-4
3.79786E+3	1.51000E-4
3.79811E+3	1.51000E-4
3.79836E+3	1.51000E-4
3.79861E+3	1.51000E-4
3.79886E+3	1.51000E-4
3.79911E+3	1.51000E-4
3.79936E+3	1.51000E-4
3.79961E+3	1.51000E-4
3.79986E+3	1.51000E-4
3.80011E+3	1.51000E-4
3.80036E+3	1.51000E-4
3.80061E+3	1.50000E-4
3.80086E+3	1.50000E-4
3.80111E+3	1.50000E-4
3.80136E+3	1.50000E-4
3.80161E+3	1.50000E-4
3.80186E+3	1.50000E-4
3.80211E+3	1.50000E-4
3.80236E+3	1.50000E-4
3.80261E+3	1.50000E-4
3.80286E+3	1.50000E-4
3.80311E+3	1.50000E-4
3.80336E+3	1.50000E-4
3.80361E+3	1.50000E-4
3.80386E+3	1.50000E-4
3.80411E+3	1.50000E-4
3.80436E+3	1.50000E-4
3.80461E+3	1.50000E-4
3.80486E+3	1.50000E-4
3.80511E+3	1.50000E-4
3.80536E+3	1.50000E-4
3.80561E+3	1.50000E-4
3.80586E+3	1.50000E-4
3.80611E+3	1.50000E-4
3.80636E+3	1.50000E-4
3.80661E+3	1.50000E-4
3.80686E+3	1.50000E-4
3.80711E+3	1.50000E-4
3.80736E+3	1.50000E-4
3.80761E+3	1.50000E-4
3.80786E+3	1.50000E-4
3.80811E+3	1.50000E-4
3.80836E+3	1.50000E-4
3.80861E+3	1.50000E-4
3.80886E+3	1.50000E-4
3.80911E+3	1.50000E-4
3.80936E+3	1.50000E-4
3.80961E+3	1.50000E-4
3.80986E+3	1.50000E-4
3.81011E+3	1.50000E-4
3.81036E+3	1.50000E-4
3.81061E+3	1.50000E-4
3.81086E+3	1.50000E-4
3.81111E+3	1.50000E-4
3.81136E+3	1.50000E-4
3.81161E+3	1.50000E-4
3.81186E+3	1.50000E-4
3.81211E+3	1.50000E-4
3.81236E+3	1.50000E-4
3.81261E+3	1.50000E-4
3.81286E+3	1.50000E-4
3.81311E+3	1.50000E-4
3.81336E+3	1.50000E-4
3.81361E+3	1.50000E-4
3.81386E+3	1.50000E-4
3.81411E+3	1.50000E-4
3.81436E+3	1.50000E-4
3.81461E+3	1.50000E-4
3.81486E+3	1.50000E-4
3.81511E+3	1.50000E-4
3.81536E+3	1.50000E-4
3.81561E+3	1.50000E-4
3.81586E+3	1.50000E-4
3.81611E+3	1.50000E-4
3.81636E+3	1.50000E-4
3.81661E+3	1.50000E-4
3.81686E+3	1.50000E-4
3.81711E+3	1.50000E-4
3.81736E+3	1.50000E-4
3.81761E+3	1.50000E-4
3.81786E+3	1.50000E-4
3.81811E+3	1.50000E-4
3.81836E+3	1.50000E-4
3.81861E+3	1.50000E-4
3.81886E+3	1.50000E-4
3.81911E+3	1.50000E-4
3.81936E+3	1.50000E-4
3.81961E+3	1.50000E-4
3.81986E+3	1.50000E-4
3.82011E+3	1.50000E-4
3.82036E+3	1.50000E-4
3.82061E+3	1.50000E-4
3.82086E+3	1.50000E-4
3.82111E+3	1.50000E-4
3.82136E+3	1.50000E-4
3.82161E+3	1.50000E-4
3.82186E+3	1.50000E-4
3.82211E+3	1.50000E-4
3.82236E+3	1.50000E-4
3.82261E+3	1.50000E-4
3.82286E+3	1.50000E-4
3.82311E+3	1.50000E-4
3.82336E+3	1.50000E-4
3.82361E+3	1.50000E-4
3.82386E+3	1.50000E-4
3.82411E+3	1.50000E-4
3.82436E+3	1.50000E-4
3.82461E+3	1.50000E-4
3.82486E+3	1.50000E-4
3.82511E+3	1.50000E-4
3.82536E+3	1.50000E-4
3.82561E+3	1.50000E-4
3.82586E+3	1.50000E-4
3.82611E+3	1.50000E-4
3.82636E+3	1.50000E-4
3.82661E+3	1.50000E-4
3.82686E+3	1.50000E-4
3.82711E+3	1.50000E-4
3.82736E+3	1.50000E-4
3.82761E+3	1.50000E-4
3.82786E+3	1.50000E-4
3.82811E+3	1.50000E-4
3.82836E+3	1.50000E-4
3.82861E+3	1.50000E-4
3.82886E+3	1.50000E-4
3.82911E+3	1.50000E-4
3.82936E+3	1.50000E-4
3.82961E+3	1.50000E-4
3.82986E+3	1.50000E-4
3.83011E+3	1.50000E-4
3.83036E+3	1.50000E-4