t			p
1.84902E+3	4.80000E-2
1.84927E+3	4.80000E-2
1.84952E+3	4.85000E-2
1.84977E+3	4.85000E-2
1.85002E+3	4.85000E-2
1.85027E+3	4.85000E-2
1.85052E+3	4.85000E-2
1.85077E+3	4.80000E-2
1.85102E+3	4.85000E-2
1.85127E+3	4.85000E-2
1.85152E+3	4.85000E-2
1.85177E+3	4.80000E-2
1.85202E+3	4.85000E-2
1.85227E+3	4.90000E-2
1.85252E+3	4.85000E-2
1.85277E+3	4.85000E-2
1.85302E+3	4.80000E-2
1.85327E+3	4.85000E-2
1.85352E+3	4.90000E-2
1.85377E+3	4.85000E-2
1.85402E+3	4.85000E-2
1.85427E+3	4.90000E-2
1.85452E+3	4.90000E-2
1.85477E+3	4.85000E-2
1.85502E+3	4.85000E-2
1.85527E+3	4.90000E-2
1.85552E+3	4.90000E-2
1.85577E+3	4.85000E-2
1.85602E+3	4.90000E-2
1.85627E+3	4.90000E-2
1.85652E+3	4.85000E-2
1.85677E+3	4.85000E-2
1.85702E+3	4.85000E-2
1.85727E+3	4.90000E-2
1.85752E+3	4.90000E-2
1.85777E+3	4.90000E-2
1.85802E+3	4.90000E-2
1.85827E+3	4.90000E-2
1.85852E+3	4.90000E-2
1.85877E+3	4.90000E-2
1.85902E+3	4.90000E-2
1.85927E+3	4.90000E-2
1.85952E+3	4.90000E-2
1.85977E+3	4.90000E-2
1.86002E+3	4.90000E-2
1.86027E+3	4.90000E-2
1.86052E+3	4.90000E-2
1.86077E+3	4.90000E-2
1.86102E+3	4.90000E-2
1.86127E+3	4.90000E-2
1.86152E+3	4.90000E-2
1.86177E+3	4.95000E-2
1.86202E+3	4.95000E-2
1.86227E+3	4.95000E-2
1.86252E+3	4.90000E-2
1.86277E+3	4.95000E-2
1.86302E+3	4.95000E-2
1.86327E+3	4.95000E-2
1.86352E+3	4.95000E-2
1.86377E+3	4.95000E-2
1.86402E+3	4.95000E-2
1.86427E+3	4.95000E-2
1.86452E+3	4.95000E-2
1.86477E+3	4.95000E-2
1.86502E+3	4.95000E-2
1.86527E+3	4.95000E-2
1.86552E+3	4.95000E-2
1.86577E+3	4.95000E-2
1.86602E+3	5.00000E-2
1.86627E+3	5.00000E-2
1.86652E+3	4.95000E-2
1.86677E+3	4.95000E-2
1.86702E+3	4.95000E-2
1.86727E+3	5.00000E-2
1.86752E+3	5.00000E-2
1.86777E+3	5.00000E-2
1.86802E+3	5.00000E-2
1.86827E+3	5.00000E-2
1.86852E+3	5.00000E-2
1.86877E+3	5.00000E-2
1.86902E+3	5.00000E-2
1.86927E+3	5.00000E-2
1.86952E+3	5.00000E-2
1.86977E+3	5.00000E-2
1.87002E+3	5.00000E-2
1.87027E+3	5.00000E-2
1.87052E+3	5.00000E-2
1.87077E+3	5.05000E-2
1.87102E+3	5.05000E-2
1.87127E+3	5.00000E-2
1.87152E+3	5.05000E-2
1.87177E+3	5.05000E-2
1.87202E+3	5.05000E-2
1.87227E+3	5.00000E-2
1.87252E+3	5.05000E-2
1.87277E+3	5.05000E-2
1.87302E+3	5.05000E-2
1.87327E+3	5.05000E-2
1.87352E+3	5.00000E-2
1.87377E+3	5.05000E-2
1.87402E+3	5.05000E-2
1.87427E+3	5.05000E-2
1.87452E+3	5.05000E-2
1.87477E+3	5.10000E-2
1.87502E+3	5.05000E-2
1.87527E+3	5.05000E-2
1.87552E+3	5.10000E-2
1.87577E+3	5.10000E-2
1.87602E+3	5.10000E-2
1.87627E+3	5.05000E-2
1.87652E+3	5.10000E-2
1.87677E+3	5.10000E-2
1.87702E+3	5.10000E-2
1.87727E+3	5.05000E-2
1.87752E+3	5.10000E-2
1.87777E+3	5.15000E-2
1.87802E+3	5.10000E-2
1.87827E+3	5.10000E-2
1.87852E+3	5.10000E-2
1.87877E+3	5.10000E-2
1.87902E+3	5.05000E-2
1.87927E+3	5.10000E-2
1.87952E+3	5.15000E-2
1.87977E+3	5.15000E-2
1.88002E+3	5.15000E-2
1.88027E+3	5.10000E-2
1.88052E+3	5.15000E-2
1.88077E+3	5.15000E-2
1.88102E+3	5.15000E-2
1.88127E+3	5.15000E-2
1.88152E+3	5.20000E-2
1.88177E+3	5.20000E-2
1.88202E+3	5.15000E-2
1.88227E+3	5.15000E-2
1.88252E+3	5.20000E-2
1.88277E+3	5.15000E-2
1.88302E+3	5.10000E-2
1.88327E+3	5.15000E-2
1.88352E+3	5.20000E-2
1.88377E+3	5.20000E-2
1.88402E+3	5.15000E-2
1.88427E+3	5.15000E-2
1.88452E+3	5.20000E-2
1.88477E+3	5.20000E-2
1.88502E+3	5.15000E-2
1.88527E+3	5.15000E-2
1.88552E+3	5.20000E-2
1.88577E+3	5.20000E-2
1.88602E+3	5.15000E-2
1.88627E+3	5.20000E-2
1.88652E+3	5.20000E-2
1.88677E+3	5.20000E-2
1.88702E+3	5.15000E-2
1.88727E+3	5.20000E-2
1.88752E+3	5.20000E-2
1.88777E+3	5.25000E-2
1.88802E+3	5.20000E-2
1.88827E+3	5.15000E-2
1.88852E+3	5.20000E-2
1.88877E+3	5.20000E-2
1.88902E+3	5.20000E-2
1.88927E+3	5.20000E-2
1.88952E+3	5.25000E-2
1.88977E+3	5.25000E-2
1.89002E+3	5.25000E-2
1.89027E+3	5.25000E-2
1.89052E+3	5.25000E-2
1.89077E+3	5.20000E-2
1.89102E+3	5.25000E-2
1.89127E+3	5.20000E-2
1.89152E+3	5.25000E-2
1.89177E+3	5.25000E-2
1.89202E+3	5.20000E-2
1.89227E+3	5.20000E-2
1.89252E+3	5.25000E-2
1.89277E+3	5.25000E-2
1.89302E+3	5.25000E-2
1.89327E+3	5.25000E-2
1.89352E+3	5.25000E-2
1.89377E+3	5.20000E-2
1.89402E+3	5.20000E-2
1.89427E+3	5.25000E-2
1.89452E+3	5.25000E-2
1.89477E+3	5.25000E-2
1.89502E+3	5.25000E-2
1.89527E+3	5.25000E-2
1.89552E+3	5.30000E-2
1.89577E+3	5.30000E-2
1.89602E+3	5.25000E-2
1.89627E+3	5.25000E-2
1.89652E+3	5.25000E-2
1.89677E+3	5.25000E-2
1.89702E+3	5.25000E-2
1.89727E+3	5.30000E-2
1.89752E+3	5.30000E-2
1.89777E+3	5.25000E-2
1.89802E+3	5.30000E-2
1.89827E+3	5.30000E-2
1.89852E+3	5.30000E-2
1.89877E+3	5.25000E-2
1.89902E+3	5.30000E-2
1.89927E+3	5.25000E-2
1.89952E+3	5.30000E-2
1.89977E+3	5.30000E-2
1.90002E+3	5.30000E-2
1.90027E+3	5.30000E-2
1.90052E+3	5.30000E-2
1.90077E+3	5.30000E-2
1.90102E+3	5.30000E-2
1.90127E+3	5.30000E-2
1.90152E+3	5.30000E-2
1.90177E+3	5.30000E-2
1.90202E+3	5.35000E-2
1.90227E+3	5.35000E-2
1.90252E+3	5.30000E-2
1.90277E+3	5.30000E-2
1.90302E+3	5.35000E-2
1.90327E+3	5.35000E-2
1.90352E+3	5.30000E-2
1.90377E+3	5.35000E-2
1.90402E+3	5.40000E-2
1.90427E+3	5.40000E-2
1.90452E+3	5.35000E-2
1.90477E+3	5.35000E-2
1.90502E+3	5.35000E-2
1.90527E+3	5.35000E-2
1.90552E+3	5.35000E-2
1.90577E+3	5.35000E-2
1.90602E+3	5.35000E-2
1.90627E+3	5.40000E-2
1.90652E+3	5.35000E-2
1.90677E+3	5.35000E-2
1.90702E+3	5.35000E-2
1.90727E+3	5.35000E-2
1.90752E+3	5.35000E-2
1.90777E+3	5.35000E-2
1.90802E+3	5.40000E-2
1.90827E+3	5.35000E-2
1.90852E+3	5.35000E-2
1.90877E+3	5.35000E-2
1.90902E+3	5.35000E-2
1.90927E+3	5.35000E-2
1.90952E+3	5.40000E-2
1.90977E+3	5.40000E-2
1.91002E+3	5.40000E-2
1.91027E+3	5.40000E-2
1.91052E+3	5.40000E-2
1.91077E+3	5.40000E-2
1.91102E+3	5.40000E-2
1.91127E+3	5.40000E-2
1.91152E+3	5.40000E-2
1.91177E+3	5.40000E-2
1.91202E+3	5.40000E-2
1.91227E+3	5.40000E-2
1.91252E+3	5.40000E-2
1.91277E+3	5.40000E-2
1.91302E+3	5.45000E-2
1.91327E+3	5.40000E-2
1.91352E+3	5.45000E-2
1.91377E+3	5.45000E-2
1.91402E+3	5.45000E-2
1.91427E+3	5.45000E-2
1.91452E+3	5.45000E-2
1.91477E+3	5.45000E-2
1.91502E+3	5.50000E-2
1.91527E+3	5.45000E-2
1.91552E+3	5.45000E-2
1.91577E+3	5.45000E-2
1.91602E+3	5.45000E-2
1.91627E+3	5.45000E-2
1.91652E+3	5.45000E-2
1.91677E+3	5.50000E-2
1.91702E+3	5.45000E-2
1.91727E+3	5.45000E-2
1.91752E+3	5.45000E-2
1.91777E+3	5.50000E-2
1.91802E+3	5.50000E-2
1.91827E+3	5.50000E-2
1.91852E+3	5.45000E-2
1.91877E+3	5.50000E-2
1.91902E+3	5.50000E-2
1.91927E+3	5.50000E-2
1.91952E+3	5.50000E-2
1.91977E+3	5.50000E-2
1.92002E+3	5.50000E-2
1.92027E+3	5.50000E-2
1.92052E+3	5.50000E-2
1.92077E+3	5.50000E-2
1.92102E+3	5.50000E-2
1.92127E+3	5.50000E-2
1.92152E+3	5.55000E-2
1.92177E+3	5.55000E-2
1.92202E+3	5.55000E-2
1.92227E+3	5.50000E-2
1.92252E+3	5.50000E-2
1.92277E+3	5.55000E-2
1.92302E+3	5.55000E-2
1.92327E+3	5.55000E-2
1.92352E+3	5.55000E-2
1.92377E+3	5.55000E-2
1.92402E+3	5.45000E-2
1.92427E+3	4.65000E-2
1.92452E+3	3.30000E-2
1.92477E+3	2.65000E-2
1.92502E+3	2.75000E-2
1.92527E+3	2.45000E-2
1.92552E+3	2.35000E-2
1.92577E+3	2.40000E-2
1.92602E+3	2.45000E-2
1.92627E+3	2.50000E-2
1.92652E+3	2.50000E-2
1.92677E+3	2.15000E-2
1.92702E+3	1.70000E-2
1.92727E+3	1.40000E-2
1.92752E+3	9.94000E-3
1.92777E+3	7.95000E-3
1.92802E+3	6.71000E-3
1.92827E+3	5.44000E-3
1.92852E+3	4.84000E-3
1.92877E+3	4.41000E-3
1.92902E+3	3.89000E-3
1.92927E+3	3.61000E-3
1.92952E+3	3.37000E-3
1.92977E+3	3.06000E-3
1.93002E+3	2.88000E-3
1.93027E+3	2.73000E-3
1.93052E+3	2.53000E-3
1.93077E+3	2.42000E-3
1.93102E+3	2.32000E-3
1.93127E+3	2.19000E-3
1.93152E+3	2.11000E-3
1.93177E+3	2.05000E-3
1.93202E+3	1.98000E-3
1.93227E+3	1.94000E-3
1.93252E+3	1.91000E-3
1.93277E+3	1.85000E-3
1.93302E+3	1.81000E-3
1.93327E+3	1.76000E-3
1.93352E+3	1.71000E-3
1.93377E+3	1.67000E-3
1.93402E+3	1.64000E-3
1.93427E+3	1.59000E-3
1.93452E+3	1.56000E-3
1.93477E+3	1.53000E-3
1.93502E+3	1.50000E-3
1.93527E+3	1.47000E-3
1.93552E+3	1.45000E-3
1.93577E+3	1.42000E-3
1.93602E+3	1.40000E-3
1.93627E+3	1.38000E-3
1.93652E+3	1.35000E-3
1.93677E+3	1.33000E-3
1.93702E+3	1.32000E-3
1.93727E+3	1.29000E-3
1.93752E+3	1.28000E-3
1.93777E+3	1.26000E-3
1.93802E+3	1.26000E-3
1.93827E+3	1.25000E-3
1.93852E+3	1.23000E-3
1.93877E+3	1.22000E-3
1.93902E+3	1.20000E-3
1.93927E+3	1.19000E-3
1.93952E+3	1.18000E-3
1.93977E+3	1.17000E-3
1.94002E+3	1.16000E-3
1.94027E+3	1.14000E-3
1.94052E+3	1.13000E-3
1.94077E+3	1.12000E-3
1.94102E+3	1.11000E-3
1.94127E+3	1.10000E-3
1.94152E+3	1.09000E-3
1.94177E+3	1.08000E-3
1.94202E+3	1.07000E-3
1.94227E+3	1.06000E-3
1.94252E+3	1.05000E-3
1.94277E+3	1.04000E-3
1.94302E+3	1.03000E-3
1.94327E+3	1.03000E-3
1.94352E+3	1.02000E-3
1.94377E+3	1.01000E-3
1.94402E+3	1.00000E-3
1.94427E+3	9.94000E-4
1.94452E+3	9.87000E-4
1.94477E+3	9.81000E-4
1.94502E+3	9.72000E-4
1.94527E+3	9.67000E-4
1.94552E+3	9.61000E-4
1.94577E+3	9.53000E-4
1.94602E+3	9.47000E-4
1.94627E+3	9.41000E-4
1.94652E+3	9.33000E-4
1.94677E+3	9.28000E-4
1.94702E+3	9.22000E-4
1.94727E+3	9.15000E-4
1.94752E+3	9.10000E-4
1.94777E+3	9.04000E-4
1.94802E+3	8.97000E-4
1.94827E+3	8.92000E-4
1.94852E+3	8.87000E-4
1.94877E+3	8.81000E-4
1.94902E+3	8.77000E-4
1.94927E+3	8.71000E-4
1.94952E+3	8.65000E-4
1.94977E+3	8.62000E-4
1.95002E+3	8.57000E-4
1.95027E+3	8.51000E-4
1.95052E+3	8.47000E-4
1.95077E+3	8.42000E-4
1.95102E+3	8.37000E-4
1.95127E+3	8.32000E-4
1.95152E+3	8.30000E-4
1.95177E+3	8.24000E-4
1.95202E+3	8.20000E-4
1.95227E+3	8.16000E-4
1.95252E+3	8.10000E-4
1.95277E+3	8.08000E-4
1.95302E+3	8.03000E-4
1.95327E+3	7.99000E-4
1.95352E+3	7.94000E-4
1.95377E+3	7.93000E-4
1.95402E+3	7.87000E-4
1.95427E+3	7.84000E-4
1.95452E+3	7.79000E-4
1.95477E+3	7.76000E-4
1.95502E+3	7.72000E-4
1.95527E+3	7.71000E-4
1.95552E+3	7.65000E-4
1.95577E+3	7.63000E-4
1.95602E+3	7.58000E-4
1.95627E+3	7.56000E-4
1.95652E+3	7.51000E-4
1.95677E+3	7.51000E-4
1.95702E+3	7.44000E-4
1.95727E+3	7.44000E-4
1.95752E+3	7.39000E-4
1.95777E+3	7.37000E-4
1.95802E+3	7.33000E-4
1.95827E+3	7.31000E-4
1.95852E+3	7.28000E-4
1.95877E+3	7.24000E-4
1.95902E+3	7.23000E-4
1.95927E+3	7.17000E-4
1.95952E+3	7.17000E-4
1.95977E+3	7.14000E-4
1.96002E+3	7.11000E-4
1.96027E+3	7.08000E-4
1.96052E+3	7.04000E-4
1.96077E+3	7.04000E-4
1.96102E+3	7.00000E-4
1.96127E+3	6.98000E-4
1.96152E+3	6.96000E-4
1.96177E+3	6.91000E-4
1.96202E+3	6.91000E-4
1.96227E+3	6.88000E-4
1.96252E+3	6.85000E-4
1.96277E+3	6.85000E-4
1.96302E+3	6.80000E-4
1.96327E+3	6.79000E-4
1.96352E+3	6.77000E-4
1.96377E+3	6.73000E-4
1.96402E+3	6.73000E-4
1.96427E+3	6.69000E-4
1.96452E+3	6.66000E-4
1.96477E+3	6.66000E-4
1.96502E+3	6.62000E-4
1.96527E+3	6.60000E-4
1.96552E+3	6.60000E-4
1.96577E+3	6.56000E-4
1.96602E+3	6.54000E-4
1.96627E+3	6.54000E-4
1.96652E+3	6.50000E-4
1.96677E+3	6.48000E-4
1.96702E+3	6.48000E-4
1.96727E+3	6.45000E-4
1.96752E+3	6.42000E-4
1.96777E+3	6.42000E-4
1.96802E+3	6.38000E-4
1.96827E+3	6.36000E-4
1.96852E+3	6.36000E-4
1.96877E+3	6.35000E-4
1.96902E+3	6.31000E-4
1.96927E+3	6.31000E-4
1.96952E+3	6.30000E-4
1.96977E+3	6.26000E-4
1.97002E+3	6.25000E-4
1.97027E+3	6.25000E-4
1.97052E+3	6.22000E-4
1.97077E+3	6.19000E-4
1.97102E+3	6.19000E-4
1.97127E+3	6.18000E-4
1.97152E+3	6.13000E-4
1.97177E+3	6.13000E-4
1.97202E+3	6.13000E-4
1.97227E+3	6.10000E-4
1.97252E+3	6.08000E-4
1.97277E+3	6.08000E-4
1.97302E+3	6.07000E-4
1.97327E+3	6.03000E-4
1.97352E+3	6.02000E-4
1.97377E+3	6.02000E-4
1.97402E+3	6.01000E-4
1.97427E+3	5.98000E-4
1.97452E+3	5.97000E-4
1.97477E+3	5.97000E-4
1.97502E+3	5.96000E-4
1.97527E+3	5.91000E-4
1.97552E+3	5.91000E-4
1.97577E+3	5.91000E-4
1.97602E+3	5.89000E-4
1.97627E+3	5.86000E-4
1.97652E+3	5.86000E-4
1.97677E+3	5.86000E-4
1.97702E+3	5.85000E-4
1.97727E+3	5.81000E-4
1.97752E+3	5.80000E-4
1.97777E+3	5.80000E-4
1.97802E+3	5.80000E-4
1.97827E+3	5.76000E-4
1.97852E+3	5.75000E-4
1.97877E+3	5.75000E-4
1.97902E+3	5.75000E-4
1.97927E+3	5.72000E-4
1.97952E+3	5.70000E-4
1.97977E+3	5.70000E-4
1.98002E+3	5.70000E-4
1.98027E+3	5.70000E-4
1.98052E+3	5.65000E-4
1.98077E+3	5.65000E-4
1.98102E+3	5.65000E-4
1.98127E+3	5.65000E-4
1.98152E+3	5.62000E-4
1.98177E+3	5.59000E-4
1.98202E+3	5.59000E-4
1.98227E+3	5.59000E-4
1.98252E+3	5.59000E-4
1.98277E+3	5.58000E-4
1.98302E+3	5.54000E-4
1.98327E+3	5.54000E-4
1.98352E+3	5.54000E-4
1.98377E+3	5.54000E-4
1.98402E+3	5.50000E-4
1.98427E+3	5.49000E-4
1.98452E+3	5.49000E-4
1.98477E+3	5.49000E-4
1.98502E+3	5.49000E-4
1.98527E+3	5.46000E-4
1.98552E+3	5.44000E-4
1.98577E+3	5.44000E-4
1.98602E+3	5.44000E-4
1.98627E+3	5.44000E-4
1.98652E+3	5.42000E-4
1.98677E+3	5.39000E-4
1.98702E+3	5.39000E-4
1.98727E+3	5.39000E-4
1.98752E+3	5.39000E-4
1.98777E+3	5.38000E-4
1.98802E+3	5.35000E-4
1.98827E+3	5.34000E-4
1.98852E+3	5.34000E-4
1.98877E+3	5.34000E-4
1.98902E+3	5.34000E-4
1.98927E+3	5.31000E-4
1.98952E+3	5.29000E-4
1.98977E+3	5.29000E-4
1.99002E+3	5.29000E-4
1.99027E+3	5.29000E-4
1.99052E+3	5.25000E-4
1.99077E+3	5.25000E-4
1.99102E+3	5.25000E-4
1.99127E+3	5.25000E-4
1.99152E+3	5.25000E-4
1.99177E+3	5.22000E-4
1.99202E+3	5.20000E-4
1.99227E+3	5.20000E-4
1.99252E+3	5.20000E-4
1.99277E+3	5.20000E-4
1.99302E+3	5.19000E-4
1.99327E+3	5.16000E-4
1.99352E+3	5.15000E-4
1.99377E+3	5.15000E-4
1.99402E+3	5.15000E-4
1.99427E+3	5.15000E-4
1.99452E+3	5.14000E-4
1.99477E+3	5.11000E-4
1.99502E+3	5.10000E-4
1.99527E+3	5.10000E-4
1.99552E+3	5.10000E-4
1.99577E+3	5.10000E-4
1.99602E+3	5.09000E-4
1.99627E+3	5.06000E-4
1.99652E+3	5.06000E-4
1.99677E+3	5.06000E-4
1.99702E+3	5.06000E-4
1.99727E+3	5.06000E-4
1.99752E+3	5.05000E-4
1.99777E+3	5.02000E-4
1.99802E+3	5.01000E-4
1.99827E+3	5.01000E-4
1.99852E+3	5.01000E-4
1.99877E+3	5.01000E-4
1.99902E+3	5.01000E-4
1.99927E+3	4.98000E-4
1.99952E+3	4.96000E-4
1.99977E+3	4.96000E-4
2.00002E+3	4.96000E-4
2.00027E+3	4.96000E-4
2.00052E+3	4.96000E-4
2.00077E+3	4.95000E-4
2.00102E+3	4.92000E-4
2.00127E+3	4.92000E-4
2.00152E+3	4.92000E-4
2.00177E+3	4.92000E-4
2.00202E+3	4.92000E-4
2.00227E+3	4.92000E-4
2.00252E+3	4.89000E-4
2.00277E+3	4.87000E-4
2.00302E+3	4.87000E-4
2.00327E+3	4.87000E-4
2.00352E+3	4.87000E-4
2.00377E+3	4.87000E-4
2.00402E+3	4.86000E-4
2.00427E+3	4.83000E-4
2.00452E+3	4.83000E-4
2.00477E+3	4.83000E-4
2.00502E+3	4.83000E-4
2.00527E+3	4.83000E-4
2.00552E+3	4.83000E-4
2.00577E+3	4.79000E-4
2.00602E+3	4.78000E-4
2.00627E+3	4.78000E-4
2.00652E+3	4.78000E-4
2.00677E+3	4.78000E-4
2.00702E+3	4.78000E-4
2.00727E+3	4.78000E-4
2.00752E+3	4.75000E-4
2.00777E+3	4.74000E-4
2.00802E+3	4.74000E-4
2.00827E+3	4.74000E-4
2.00852E+3	4.74000E-4
2.00877E+3	4.74000E-4
2.00902E+3	4.73000E-4
2.00927E+3	4.70000E-4
2.00952E+3	4.70000E-4
2.00977E+3	4.70000E-4
2.01002E+3	4.70000E-4
2.01027E+3	4.70000E-4
2.01052E+3	4.70000E-4
2.01077E+3	4.69000E-4
2.01102E+3	4.65000E-4
2.01127E+3	4.65000E-4
2.01152E+3	4.65000E-4
2.01177E+3	4.65000E-4
2.01202E+3	4.65000E-4
2.01227E+3	4.65000E-4
2.01252E+3	4.65000E-4
2.01277E+3	4.62000E-4
2.01302E+3	4.61000E-4
2.01327E+3	4.61000E-4
2.01352E+3	4.61000E-4
2.01377E+3	4.61000E-4
2.01402E+3	4.61000E-4
2.01427E+3	4.61000E-4
2.01452E+3	4.59000E-4
2.01477E+3	4.57000E-4
2.01502E+3	4.57000E-4
2.01527E+3	4.57000E-4
2.01552E+3	4.57000E-4
2.01577E+3	4.57000E-4
2.01602E+3	4.57000E-4
2.01627E+3	4.55000E-4
2.01652E+3	4.53000E-4
2.01677E+3	4.53000E-4
2.01702E+3	4.53000E-4
2.01727E+3	4.53000E-4
2.01752E+3	4.53000E-4
2.01777E+3	4.53000E-4
2.01802E+3	4.53000E-4
2.01827E+3	4.50000E-4
2.01852E+3	4.48000E-4
2.01877E+3	4.48000E-4
2.01902E+3	4.48000E-4
2.01927E+3	4.48000E-4
2.01952E+3	4.48000E-4
2.01977E+3	4.48000E-4
2.02002E+3	4.47000E-4
2.02028E+3	4.44000E-4
2.02053E+3	4.44000E-4
2.02078E+3	4.44000E-4
2.02103E+3	4.44000E-4
2.02128E+3	4.44000E-4
2.02153E+3	4.44000E-4
2.02178E+3	4.44000E-4
2.02203E+3	4.44000E-4
2.02228E+3	4.40000E-4
2.02253E+3	4.40000E-4
2.02278E+3	4.40000E-4
2.02303E+3	4.40000E-4
2.02328E+3	4.40000E-4
2.02353E+3	4.40000E-4
2.02378E+3	4.40000E-4
2.02403E+3	4.38000E-4
2.02428E+3	4.36000E-4
2.02453E+3	4.36000E-4
2.02478E+3	4.36000E-4
2.02503E+3	4.36000E-4
2.02528E+3	4.36000E-4
2.02553E+3	4.36000E-4
2.02578E+3	4.36000E-4
2.02603E+3	4.36000E-4
2.02628E+3	4.34000E-4
2.02653E+3	4.32000E-4
2.02678E+3	4.32000E-4
2.02703E+3	4.32000E-4
2.02728E+3	4.32000E-4
2.02753E+3	4.32000E-4
2.02778E+3	4.32000E-4
2.02803E+3	4.32000E-4
2.02828E+3	4.31000E-4
2.02853E+3	4.28000E-4
2.02878E+3	4.28000E-4
2.02903E+3	4.28000E-4
2.02928E+3	4.28000E-4
2.02953E+3	4.28000E-4
2.02978E+3	4.28000E-4
2.03003E+3	4.28000E-4
2.03028E+3	4.28000E-4
2.03053E+3	4.26000E-4
2.03078E+3	4.24000E-4
2.03103E+3	4.24000E-4
2.03128E+3	4.24000E-4
2.03153E+3	4.24000E-4
2.03178E+3	4.24000E-4
2.03203E+3	4.24000E-4
2.03228E+3	4.24000E-4
2.03253E+3	4.24000E-4
2.03278E+3	4.22000E-4
2.03303E+3	4.20000E-4
2.03328E+3	4.20000E-4
2.03353E+3	4.20000E-4
2.03378E+3	4.20000E-4
2.03403E+3	4.20000E-4
2.03428E+3	4.20000E-4
2.03453E+3	4.20000E-4
2.03478E+3	4.20000E-4
2.03503E+3	4.18000E-4
2.03528E+3	4.17000E-4
2.03553E+3	4.17000E-4
2.03578E+3	4.17000E-4
2.03603E+3	4.17000E-4
2.03628E+3	4.17000E-4
2.03653E+3	4.17000E-4
2.03678E+3	4.17000E-4
2.03703E+3	4.16000E-4
2.03728E+3	4.15000E-4
2.03753E+3	4.13000E-4
2.03778E+3	4.13000E-4
2.03803E+3	4.13000E-4
2.03828E+3	4.13000E-4
2.03853E+3	4.13000E-4
2.03878E+3	4.13000E-4
2.03903E+3	4.13000E-4
2.03928E+3	4.13000E-4
2.03953E+3	4.12000E-4
2.03978E+3	4.09000E-4
2.04003E+3	4.09000E-4
2.04028E+3	4.09000E-4
2.04053E+3	4.09000E-4
2.04078E+3	4.09000E-4
2.04103E+3	4.09000E-4
2.04128E+3	4.09000E-4
2.04153E+3	4.09000E-4
2.04178E+3	4.09000E-4
2.04203E+3	4.07000E-4
2.04228E+3	4.05000E-4
2.04253E+3	4.05000E-4
2.04278E+3	4.05000E-4
2.04303E+3	4.05000E-4
2.04328E+3	4.05000E-4
2.04353E+3	4.05000E-4
2.04378E+3	4.05000E-4
2.04403E+3	4.05000E-4
2.04428E+3	4.05000E-4
2.04453E+3	4.02000E-4
2.04478E+3	4.02000E-4
2.04503E+3	4.02000E-4
2.04528E+3	4.02000E-4
2.04553E+3	4.02000E-4
2.04578E+3	4.02000E-4
2.04603E+3	4.02000E-4
2.04628E+3	4.02000E-4
2.04653E+3	4.02000E-4
2.04678E+3	4.02000E-4
2.04703E+3	4.01000E-4
2.04728E+3	3.99000E-4
2.04753E+3	3.98000E-4
2.04778E+3	3.98000E-4
2.04803E+3	3.98000E-4
2.04828E+3	3.98000E-4
2.04853E+3	3.98000E-4
2.04878E+3	3.98000E-4
2.04903E+3	3.98000E-4
2.04928E+3	3.98000E-4
2.04953E+3	3.97000E-4
2.04978E+3	3.94000E-4
2.05003E+3	3.94000E-4
2.05028E+3	3.94000E-4
2.05053E+3	3.94000E-4
2.05078E+3	3.94000E-4
2.05103E+3	3.94000E-4
2.05128E+3	3.94000E-4
2.05153E+3	3.94000E-4
2.05178E+3	3.94000E-4
2.05203E+3	3.94000E-4
2.05228E+3	3.92000E-4
2.05253E+3	3.91000E-4
2.05278E+3	3.91000E-4
2.05303E+3	3.91000E-4
2.05328E+3	3.91000E-4
2.05353E+3	3.91000E-4
2.05378E+3	3.91000E-4
2.05403E+3	3.91000E-4
2.05428E+3	3.91000E-4
2.05453E+3	3.91000E-4
2.05478E+3	3.91000E-4
2.05503E+3	3.88000E-4
2.05528E+3	3.87000E-4
2.05553E+3	3.87000E-4
2.05578E+3	3.87000E-4
2.05603E+3	3.87000E-4
2.05628E+3	3.87000E-4
2.05653E+3	3.87000E-4
2.05678E+3	3.87000E-4
2.05703E+3	3.87000E-4
2.05728E+3	3.87000E-4
2.05753E+3	3.87000E-4
2.05778E+3	3.86000E-4
2.05803E+3	3.83000E-4
2.05828E+3	3.83000E-4
2.05853E+3	3.83000E-4
2.05878E+3	3.83000E-4
2.05903E+3	3.83000E-4
2.05928E+3	3.83000E-4
2.05953E+3	3.83000E-4
2.05978E+3	3.83000E-4
2.06003E+3	3.83000E-4
2.06028E+3	3.83000E-4
2.06053E+3	3.83000E-4
2.06078E+3	3.81000E-4
2.06103E+3	3.80000E-4
2.06128E+3	3.80000E-4
2.06153E+3	3.80000E-4
2.06178E+3	3.80000E-4
2.06203E+3	3.80000E-4
2.06228E+3	3.80000E-4
2.06253E+3	3.80000E-4
2.06278E+3	3.80000E-4
2.06303E+3	3.80000E-4
2.06328E+3	3.80000E-4
2.06353E+3	3.78000E-4
2.06378E+3	3.76000E-4
2.06403E+3	3.76000E-4
2.06428E+3	3.76000E-4
2.06453E+3	3.76000E-4
2.06478E+3	3.76000E-4
2.06503E+3	3.76000E-4
2.06528E+3	3.76000E-4
2.06553E+3	3.76000E-4
2.06578E+3	3.76000E-4
2.06603E+3	3.76000E-4
2.06628E+3	3.76000E-4
2.06653E+3	3.75000E-4
2.06678E+3	3.73000E-4
2.06703E+3	3.73000E-4
2.06728E+3	3.73000E-4
2.06753E+3	3.73000E-4
2.06778E+3	3.73000E-4
2.06803E+3	3.73000E-4
2.06828E+3	3.73000E-4
2.06853E+3	3.73000E-4
2.06878E+3	3.73000E-4
2.06903E+3	3.73000E-4
2.06928E+3	3.73000E-4
2.06953E+3	3.72000E-4
2.06978E+3	3.70000E-4
2.07003E+3	3.70000E-4
2.07028E+3	3.70000E-4
2.07053E+3	3.70000E-4
2.07078E+3	3.70000E-4
2.07103E+3	3.70000E-4
2.07128E+3	3.70000E-4
2.07153E+3	3.70000E-4
2.07178E+3	3.70000E-4
2.07203E+3	3.70000E-4
2.07228E+3	3.70000E-4
2.07253E+3	3.69000E-4
2.07278E+3	3.68000E-4
2.07303E+3	3.66000E-4
2.07328E+3	3.66000E-4
2.07353E+3	3.66000E-4
2.07378E+3	3.66000E-4
2.07403E+3	3.66000E-4
2.07428E+3	3.66000E-4
2.07453E+3	3.66000E-4
2.07478E+3	3.66000E-4
2.07503E+3	3.66000E-4
2.07528E+3	3.66000E-4
2.07553E+3	3.66000E-4
2.07578E+3	3.66000E-4
2.07603E+3	3.65000E-4
2.07628E+3	3.63000E-4
2.07653E+3	3.63000E-4
2.07678E+3	3.63000E-4
2.07703E+3	3.63000E-4
2.07728E+3	3.63000E-4
2.07753E+3	3.63000E-4
2.07778E+3	3.63000E-4
2.07803E+3	3.63000E-4
2.07828E+3	3.63000E-4
2.07853E+3	3.63000E-4
2.07878E+3	3.63000E-4
2.07903E+3	3.63000E-4
2.07928E+3	3.61000E-4
2.07953E+3	3.60000E-4
2.07978E+3	3.60000E-4
2.08003E+3	3.60000E-4
2.08028E+3	3.60000E-4
2.08053E+3	3.60000E-4
2.08078E+3	3.60000E-4
2.08103E+3	3.60000E-4
2.08128E+3	3.60000E-4
2.08153E+3	3.60000E-4
2.08178E+3	3.60000E-4
2.08203E+3	3.60000E-4
2.08228E+3	3.60000E-4
2.08253E+3	3.59000E-4
2.08278E+3	3.56000E-4
2.08303E+3	3.56000E-4
2.08328E+3	3.56000E-4
2.08353E+3	3.56000E-4
2.08378E+3	3.56000E-4
2.08403E+3	3.56000E-4
2.08428E+3	3.56000E-4
2.08453E+3	3.56000E-4
2.08478E+3	3.56000E-4
2.08503E+3	3.56000E-4
2.08528E+3	3.56000E-4
2.08553E+3	3.56000E-4
2.08578E+3	3.56000E-4
2.08603E+3	3.56000E-4
2.08628E+3	3.54000E-4
2.08653E+3	3.53000E-4
2.08678E+3	3.53000E-4
2.08703E+3	3.53000E-4
2.08728E+3	3.53000E-4
2.08753E+3	3.53000E-4
2.08778E+3	3.53000E-4
2.08803E+3	3.53000E-4
2.08828E+3	3.53000E-4
2.08853E+3	3.53000E-4
2.08878E+3	3.53000E-4
2.08903E+3	3.53000E-4
2.08928E+3	3.53000E-4
2.08953E+3	3.53000E-4
2.08978E+3	3.51000E-4
2.09003E+3	3.50000E-4
2.09028E+3	3.50000E-4
2.09053E+3	3.50000E-4
2.09078E+3	3.50000E-4
2.09103E+3	3.50000E-4
2.09128E+3	3.50000E-4
2.09153E+3	3.50000E-4
2.09178E+3	3.50000E-4
2.09203E+3	3.50000E-4
2.09228E+3	3.50000E-4
2.09253E+3	3.50000E-4
2.09278E+3	3.50000E-4
2.09303E+3	3.49000E-4
2.09328E+3	3.49000E-4
2.09353E+3	3.47000E-4
2.09378E+3	3.47000E-4
2.09403E+3	3.47000E-4
2.09428E+3	3.47000E-4
2.09453E+3	3.47000E-4
2.09478E+3	3.47000E-4
2.09503E+3	3.47000E-4
2.09528E+3	3.47000E-4
2.09553E+3	3.47000E-4
2.09578E+3	3.47000E-4
2.09603E+3	3.47000E-4
2.09628E+3	3.47000E-4
2.09653E+3	3.47000E-4
2.09678E+3	3.47000E-4
2.09703E+3	3.46000E-4
2.09728E+3	3.44000E-4
2.09753E+3	3.43000E-4
2.09778E+3	3.43000E-4
2.09803E+3	3.43000E-4
2.09828E+3	3.43000E-4
2.09853E+3	3.43000E-4
2.09878E+3	3.43000E-4
2.09903E+3	3.43000E-4
2.09928E+3	3.43000E-4
2.09953E+3	3.43000E-4
2.09978E+3	3.43000E-4
2.10003E+3	3.43000E-4
2.10028E+3	3.43000E-4
2.10053E+3	3.43000E-4
2.10078E+3	3.43000E-4
2.10103E+3	3.41000E-4
2.10128E+3	3.40000E-4
2.10153E+3	3.40000E-4
2.10178E+3	3.40000E-4
2.10203E+3	3.40000E-4
2.10228E+3	3.40000E-4
2.10253E+3	3.40000E-4
2.10278E+3	3.40000E-4
2.10303E+3	3.40000E-4
2.10328E+3	3.40000E-4
2.10353E+3	3.40000E-4
2.10378E+3	3.40000E-4
2.10403E+3	3.40000E-4
2.10428E+3	3.40000E-4
2.10453E+3	3.40000E-4
2.10478E+3	3.40000E-4
2.10503E+3	3.38000E-4
2.10528E+3	3.37000E-4
2.10553E+3	3.37000E-4
2.10578E+3	3.37000E-4
2.10603E+3	3.37000E-4
2.10628E+3	3.37000E-4
2.10653E+3	3.37000E-4
2.10678E+3	3.37000E-4
2.10703E+3	3.37000E-4
2.10728E+3	3.37000E-4
2.10753E+3	3.37000E-4
2.10778E+3	3.37000E-4
2.10803E+3	3.37000E-4
2.10828E+3	3.37000E-4
2.10853E+3	3.37000E-4
2.10878E+3	3.37000E-4
2.10903E+3	3.36000E-4
2.10928E+3	3.34000E-4
2.10953E+3	3.34000E-4
2.10978E+3	3.34000E-4
2.11003E+3	3.34000E-4
2.11028E+3	3.34000E-4
2.11053E+3	3.34000E-4
2.11078E+3	3.34000E-4
2.11103E+3	3.34000E-4
2.11128E+3	3.34000E-4
2.11153E+3	3.34000E-4
2.11178E+3	3.34000E-4
2.11203E+3	3.34000E-4
2.11228E+3	3.34000E-4
2.11253E+3	3.34000E-4
2.11278E+3	3.34000E-4
2.11303E+3	3.34000E-4
2.11328E+3	3.32000E-4
2.11353E+3	3.31000E-4
2.11378E+3	3.31000E-4
2.11403E+3	3.31000E-4
2.11428E+3	3.31000E-4
2.11453E+3	3.31000E-4
2.11478E+3	3.31000E-4
2.11503E+3	3.31000E-4
2.11528E+3	3.31000E-4
2.11553E+3	3.31000E-4
2.11578E+3	3.31000E-4
2.11603E+3	3.31000E-4
2.11628E+3	3.31000E-4
2.11653E+3	3.31000E-4
2.11678E+3	3.31000E-4
2.11703E+3	3.31000E-4
2.11728E+3	3.31000E-4
2.11753E+3	3.29000E-4
2.11778E+3	3.28000E-4
2.11803E+3	3.28000E-4
2.11828E+3	3.28000E-4
2.11853E+3	3.28000E-4
2.11878E+3	3.28000E-4
2.11903E+3	3.28000E-4
2.11928E+3	3.28000E-4
2.11953E+3	3.28000E-4
2.11978E+3	3.28000E-4
2.12003E+3	3.28000E-4
2.12028E+3	3.28000E-4
2.12053E+3	3.28000E-4
2.12078E+3	3.28000E-4
2.12103E+3	3.28000E-4
2.12128E+3	3.28000E-4
2.12153E+3	3.28000E-4
2.12178E+3	3.28000E-4
2.12203E+3	3.26000E-4
2.12228E+3	3.25000E-4
2.12253E+3	3.25000E-4
2.12278E+3	3.25000E-4
2.12303E+3	3.25000E-4
2.12328E+3	3.25000E-4
2.12353E+3	3.25000E-4
2.12378E+3	3.25000E-4
2.12403E+3	3.25000E-4
2.12428E+3	3.25000E-4
2.12453E+3	3.25000E-4
2.12478E+3	3.25000E-4
2.12503E+3	3.25000E-4
2.12528E+3	3.25000E-4
2.12553E+3	3.25000E-4
2.12578E+3	3.25000E-4
2.12603E+3	3.25000E-4
2.12628E+3	3.24000E-4
2.12653E+3	3.22000E-4
2.12678E+3	3.22000E-4
2.12703E+3	3.22000E-4
2.12728E+3	3.22000E-4
2.12753E+3	3.22000E-4
2.12778E+3	3.22000E-4
2.12803E+3	3.22000E-4
2.12828E+3	3.22000E-4
2.12853E+3	3.22000E-4
2.12878E+3	3.22000E-4
2.12903E+3	3.22000E-4
2.12928E+3	3.22000E-4
2.12953E+3	3.22000E-4
2.12978E+3	3.22000E-4
2.13003E+3	3.22000E-4
2.13028E+3	3.22000E-4
2.13053E+3	3.22000E-4
2.13078E+3	3.22000E-4
2.13103E+3	3.20000E-4
2.13128E+3	3.19000E-4
2.13153E+3	3.19000E-4
2.13178E+3	3.19000E-4
2.13203E+3	3.19000E-4
2.13228E+3	3.19000E-4
2.13253E+3	3.19000E-4
2.13278E+3	3.19000E-4
2.13303E+3	3.19000E-4
2.13328E+3	3.19000E-4
2.13353E+3	3.19000E-4
2.13378E+3	3.19000E-4
2.13403E+3	3.19000E-4
2.13428E+3	3.19000E-4
2.13453E+3	3.19000E-4
2.13478E+3	3.19000E-4
2.13503E+3	3.19000E-4
2.13528E+3	3.19000E-4
2.13553E+3	3.19000E-4
2.13578E+3	3.19000E-4
2.13603E+3	3.19000E-4
2.13628E+3	3.18000E-4
2.13653E+3	3.16000E-4
2.13678E+3	3.16000E-4
2.13703E+3	3.16000E-4
2.13728E+3	3.16000E-4
2.13753E+3	3.16000E-4
2.13778E+3	3.16000E-4
2.13803E+3	3.16000E-4
2.13828E+3	3.16000E-4
2.13853E+3	3.16000E-4
2.13878E+3	3.16000E-4
2.13903E+3	3.16000E-4
2.13928E+3	3.16000E-4
2.13953E+3	3.16000E-4
2.13978E+3	3.16000E-4
2.14003E+3	3.16000E-4
2.14028E+3	3.16000E-4
2.14053E+3	3.16000E-4
2.14078E+3	3.15000E-4
2.14103E+3	3.15000E-4
2.14128E+3	3.13000E-4
2.14153E+3	3.13000E-4
2.14178E+3	3.13000E-4
2.14203E+3	3.13000E-4
2.14228E+3	3.13000E-4
2.14253E+3	3.13000E-4
2.14278E+3	3.13000E-4
2.14303E+3	3.13000E-4
2.14328E+3	3.13000E-4
2.14353E+3	3.13000E-4
2.14378E+3	3.13000E-4
2.14403E+3	3.13000E-4
2.14428E+3	3.13000E-4
2.14453E+3	3.13000E-4
2.14478E+3	3.13000E-4
2.14503E+3	3.13000E-4
2.14528E+3	3.13000E-4
2.14553E+3	3.13000E-4
2.14578E+3	3.12000E-4
2.14603E+3	3.10000E-4
2.14628E+3	3.10000E-4
2.14653E+3	3.10000E-4
2.14678E+3	3.10000E-4
2.14703E+3	3.10000E-4
2.14728E+3	3.10000E-4
2.14753E+3	3.10000E-4
2.14778E+3	3.10000E-4
2.14803E+3	3.10000E-4
2.14828E+3	3.10000E-4
2.14853E+3	3.10000E-4
2.14878E+3	3.10000E-4
2.14903E+3	3.10000E-4
2.14928E+3	3.10000E-4
2.14953E+3	3.10000E-4
2.14978E+3	3.10000E-4
2.15003E+3	3.10000E-4
2.15028E+3	3.10000E-4
2.15053E+3	3.10000E-4
2.15078E+3	3.09000E-4
2.15103E+3	3.08000E-4
2.15128E+3	3.07000E-4
2.15153E+3	3.07000E-4
2.15178E+3	3.07000E-4
2.15203E+3	3.07000E-4
2.15228E+3	3.07000E-4
2.15253E+3	3.07000E-4
2.15278E+3	3.07000E-4
2.15303E+3	3.07000E-4
2.15328E+3	3.07000E-4
2.15353E+3	3.07000E-4
2.15378E+3	3.07000E-4
2.15403E+3	3.07000E-4
2.15428E+3	3.07000E-4
2.15453E+3	3.07000E-4
2.15478E+3	3.07000E-4
2.15503E+3	3.07000E-4
2.15528E+3	3.07000E-4
2.15553E+3	3.07000E-4
2.15578E+3	3.07000E-4
2.15603E+3	3.07000E-4
2.15628E+3	3.06000E-4
2.15653E+3	3.05000E-4
2.15678E+3	3.05000E-4
2.15703E+3	3.05000E-4
2.15728E+3	3.05000E-4
2.15753E+3	3.05000E-4
2.15778E+3	3.05000E-4
2.15803E+3	3.05000E-4
2.15828E+3	3.05000E-4
2.15853E+3	3.05000E-4
2.15878E+3	3.05000E-4
2.15903E+3	3.05000E-4
2.15928E+3	3.05000E-4
2.15953E+3	3.05000E-4
2.15978E+3	3.05000E-4
2.16003E+3	3.05000E-4
2.16028E+3	3.05000E-4
2.16053E+3	3.05000E-4
2.16078E+3	3.05000E-4
2.16103E+3	3.05000E-4
2.16128E+3	3.05000E-4
2.16153E+3	3.05000E-4
2.16178E+3	3.05000E-4
2.16203E+3	3.04000E-4
2.16228E+3	3.03000E-4
2.16253E+3	3.02000E-4
2.16278E+3	3.02000E-4
2.16303E+3	3.02000E-4
2.16328E+3	3.02000E-4
2.16353E+3	3.02000E-4
2.16378E+3	3.02000E-4
2.16403E+3	3.02000E-4
2.16428E+3	3.02000E-4
2.16453E+3	3.02000E-4
2.16478E+3	3.02000E-4
2.16503E+3	3.02000E-4
2.16528E+3	3.02000E-4
2.16553E+3	3.02000E-4
2.16578E+3	3.02000E-4
2.16603E+3	3.02000E-4
2.16628E+3	3.02000E-4
2.16653E+3	3.02000E-4
2.16678E+3	3.02000E-4
2.16703E+3	3.02000E-4
2.16728E+3	3.01000E-4
2.16753E+3	3.01000E-4
2.16778E+3	3.01000E-4
2.16803E+3	3.01000E-4
2.16828E+3	2.99000E-4
2.16853E+3	2.99000E-4
2.16878E+3	2.99000E-4
2.16903E+3	2.99000E-4
2.16928E+3	2.99000E-4
2.16953E+3	2.99000E-4
2.16978E+3	2.99000E-4
2.17003E+3	2.99000E-4
2.17028E+3	2.99000E-4
2.17053E+3	2.99000E-4
2.17078E+3	2.99000E-4
2.17103E+3	2.99000E-4
2.17128E+3	2.99000E-4
2.17153E+3	2.99000E-4
2.17178E+3	2.99000E-4
2.17203E+3	2.99000E-4
2.17228E+3	2.99000E-4
2.17253E+3	2.99000E-4
2.17278E+3	2.99000E-4
2.17303E+3	2.99000E-4
2.17328E+3	2.99000E-4
2.17353E+3	2.99000E-4
2.17378E+3	2.99000E-4
2.17403E+3	2.98000E-4
2.17428E+3	2.96000E-4
2.17453E+3	2.96000E-4
2.17478E+3	2.96000E-4
2.17503E+3	2.96000E-4
2.17528E+3	2.96000E-4
2.17553E+3	2.96000E-4
2.17578E+3	2.96000E-4
2.17603E+3	2.96000E-4
2.17628E+3	2.96000E-4
2.17653E+3	2.96000E-4
2.17678E+3	2.96000E-4
2.17703E+3	2.96000E-4
2.17728E+3	2.96000E-4
2.17753E+3	2.96000E-4
2.17778E+3	2.96000E-4
2.17803E+3	2.96000E-4
2.17828E+3	2.96000E-4
2.17853E+3	2.96000E-4
2.17878E+3	2.96000E-4
2.17903E+3	2.96000E-4
2.17928E+3	2.96000E-4
2.17953E+3	2.96000E-4
2.17978E+3	2.96000E-4
2.18003E+3	2.96000E-4
2.18028E+3	2.95000E-4
2.18053E+3	2.94000E-4
2.18078E+3	2.94000E-4
2.18103E+3	2.94000E-4
2.18128E+3	2.94000E-4
2.18153E+3	2.94000E-4
2.18178E+3	2.94000E-4
2.18203E+3	2.94000E-4
2.18228E+3	2.94000E-4
2.18253E+3	2.94000E-4
2.18278E+3	2.94000E-4
2.18303E+3	2.94000E-4
2.18328E+3	2.94000E-4
2.18353E+3	2.94000E-4
2.18378E+3	2.94000E-4
2.18403E+3	2.94000E-4
2.18428E+3	2.94000E-4
2.18453E+3	2.94000E-4
2.18478E+3	2.94000E-4
2.18503E+3	2.94000E-4
2.18528E+3	2.94000E-4
2.18553E+3	2.94000E-4
2.18578E+3	2.94000E-4
2.18603E+3	2.94000E-4
2.18628E+3	2.94000E-4
2.18653E+3	2.93000E-4
2.18678E+3	2.92000E-4
2.18703E+3	2.91000E-4
2.18728E+3	2.91000E-4
2.18753E+3	2.91000E-4
2.18778E+3	2.91000E-4
2.18803E+3	2.91000E-4
2.18828E+3	2.91000E-4
2.18853E+3	2.91000E-4
2.18878E+3	2.91000E-4
2.18903E+3	2.91000E-4
2.18928E+3	2.91000E-4